0 65
0 156
0 254
3 85
5 169
13 277
23 124
25 119
28 149
40 142
53 196
56 238
67 75
82 121
92 196
98 285
104 203
107 976
107 1119
107 1142
107 1317
107 1344
107 1510
107 1574
107 1632
107 1820
107 1860
116 149
119 329
130 300
136 2225
142 188
151 310
170 332
186 323
194 249
211 223
224 315
248 323
281 309
348 378
348 411
349 434
353 475
353 1740
357 424
363 378
363 1677
369 455
372 530
374 513
375 538
378 553
387 520
388 557
394 400
397 541
402 412
402 495
408 445
413 461
414 584
416 419
418 504
422 678
427 464
429 466
432 569
438 507
444 460
456 567
462 487
469 516
479 525
483 930
483 1682
484 567
487 513
497 515
507 524
516 554
523 561
531 547
538 1400
563 569
573 618
580 1446
590 609
596 1215
603 625
609 617
614 645
628 665
637 1018
641 1237
686 699
686 746
688 695
693 695
697 754
701 754
705 731
709 754
713 810
722 768
728 773
734 766
745 784
748 830
766 826
772 805
781 828
805 840
818 839
857 3495
867 873
896 1591
897 1519
902 1257
903 1186
906 1737
916 946
916 1668
917 1217
921 1048
921 1312
924 1876
925 1460
927 1367
927 1639
932 1447
937 1264
939 1064
943 1167
946 1242
947 1302
947 1608
950 1410
953 1488
954 1382
956 1548
960 1211
964 1373
966 1288
966 1826
969 1502
971 1794
977 1169
978 1833
980 1621
982 1207
984 1382
988 1190
992 1837
993 1750
997 1163
997 1609
1001 1217
1003 1641
1004 1879
1006 1230
1009 1324
1011 1052
1014 1381
1017 1335
1018 1716
1020 1454
1024 1471
1026 1612
1028 1209
1032 1192
1036 1647
1040 1285
1040 1598
1047 1554
1049 1184
1052 1188
1052 1897
1056 1447
1059 1643
1062 1223
1064 1478
1068 1571
1071 1253
1074 1730
1076 1557
1078 1289
1078 1380
1079 1367
1080 1767
1082 1583
1085 3797
1086 1610
1086 1879
1094 1545
1099 1820
1101 1833
1104 1550
1104 1716
1107 1471
1110 1800
1113 1294
1117 1388
1117 1488
1120 1583
1124 1201
1125 1230
1126 1361
1126 1714
1127 1246
1129 1479
1132 1721
1135 1613
1139 1260
1146 1267
1146 1603
1149 1799
1153 1665
1156 1172
1158 1192
1160 1741
1163 1547
1166 1306
1171 1486
1172 1793
1175 1329
1175 1782
1181 1557
1184 1288
1184 1799
1185 1833
1189 1681
1191 1359
1192 1872
1198 1714
1199 1717
1201 1835
1204 1502
1207 1456
1210 1844
1211 1816
1212 1478
1216 1363
1221 1727
1222 1620
1227 1479
1228 1308
1230 1867
1236 1275
1238 1457
1242 1557
1243 1267
1246 1783
1250 1597
1255 1302
1256 1447
1261 1273
1265 1608
1269 1439
1271 1804
1273 1396
1277 1636
1278 1367
1282 1812
1285 1447
1288 1746
1289 1879
1291 1391
1293 1768
1302 1449
1305 1440
1308 1310
1311 1667
1317 1641
1322 1635
1327 1597
1330 1401
1331 1551
1331 1864
1335 1622
1337 1911
1339 1600
1340 1632
1344 1746
1345 1432
1351 1547
1352 1614
1357 1487
1359 1663
1361 1520
1366 1783
1367 1741
1370 1668
1376 1603
1376 1804
1379 1628
1380 1456
1388 1456
1390 1598
1391 1554
1397 1536
1399 1879
1407 1685
1409 1608
1415 1672
1419 2813
1423 1873
1429 1489
1431 1832
1433 1615
1447 1542
1447 1879
1454 1729
1456 1832
1459 1587
1465 2187
1465 2533
1471 1554
1471 1707
1480 1653
1483 1832
1488 1746
1491 1613
1496 1624
1504 1725
1512 1673
1516 1791
1520 1603
1522 1559
1525 1783
1528 1864
1535 1537
1538 1833
1547 1804
1549 1703
1554 1714
1557 1888
1559 1669
1566 1680
1571 1754
1574 1677
1577 2292
1580 1746
1587 1680
1589 1622
1596 1783
1597 1683
1600 1669
1604 1768
1609 1800
1612 1839
1615 1708
1619 1736
1621 1637
1623 1888
1630 1709
1639 1662
1650 1727
1655 1872
1662 1799
1668 1782
1675 1835
1684 2668
1684 2694
1684 2839
1684 2907
1684 3050
1684 3120
1684 3208
1684 3293
1684 3396
1689 1730
1707 1833
1714 1821
1718 1945
1723 1746
1730 1736
1737 1750
1743 1831
1750 1827
1768 1799
1779 1822
1794 1910
1811 1902
1835 1839
1841 1875
1912 1915
1912 2089
1912 2176
1912 2235
1912 2376
1912 2436
1912 2576
1914 2009
1916 2250
1917 2261
1917 2386
1918 2386
1919 2097
1920 1987
1921 2027
1923 2211
1925 2579
1926 2336
1927 2192
1929 2103
1932 2153
1932 2589
1935 2494
1938 2271
1939 2608
1940 2187
1941 2030
1941 2451
1943 1979
1943 2542
1945 2032
1945 2292
1946 2040
1947 1981
1948 1959
1948 2332
1952 2062
1953 2489
1955 2189
1958 2116
1959 1981
1962 1983
1962 2276
1962 2625
1964 2145
1964 2425
1966 2476
1970 2396
1971 2359
1972 2009
1974 2368
1979 1986
1979 2275
1979 2578
1981 2438
1983 2495
1984 2112
1984 2546
1985 2323
1985 2348
1986 2370
1986 2630
1989 2190
1991 2626
1993 2546
1994 2138
1997 2112
1997 2561
2002 2062
2002 2419
2005 2104
2005 2446
2007 2409
2007 2598
2014 2648
2018 2472
2020 2604
2022 2365
2026 2567
2028 2135
2030 2271
2030 2630
2031 2185
2033 2063
2033 2140
2033 2623
2037 2233
2038 2417
2039 2151
2040 2201
2040 2561
2042 2385
2044 2512
2045 2418
2046 2104
2047 2185
2047 2509
2052 2081
2052 2384
2053 2194
2054 2597
2056 2150
2057 2385
2059 2108
2059 2484
2060 2556
2061 2225
2063 2408
2064 2103
2067 2234
2068 2282
2069 2084
2071 2134
2071 2194
2072 2396
2073 2308
2074 2323
2074 2630
2076 2425
2078 2348
2078 2591
2081 2496
2083 2381
2083 2654
2084 2590
2086 2564
2087 2509
2088 2347
2088 2646
2090 2271
2093 2103
2093 2323
2095 2308
2098 2118
2098 2348
2102 2459
2103 2290
2103 2492
2104 2331
2108 2290
2108 2611
2109 2339
2111 2473
2112 2352
2115 2275
2115 2331
2117 2305
2118 2308
2121 2212
2121 2482
2123 2201
2123 2326
2124 2369
2125 2232
2125 2543
2128 2372
2128 2512
2131 2631
2132 2198
2133 2328
2135 2338
2138 2151
2138 2592
2139 2611
2140 2356
2142 2271
2142 2553
2144 2351
2148 2224
2149 2194
2150 2386
2150 2536
2151 2629
2154 2604
2156 2659
2161 2438
2164 2290
2169 2344
2170 2490
2172 2563
2174 2617
2176 2416
2179 2352
2183 2267
2184 2261
2185 2434
2188 2414
2188 2586
2190 2381
2191 2336
2194 2333
2199 2223
2199 2394
2201 2212
2201 2309
2203 2629
2206 2485
2208 2592
2210 2559
2212 2615
2216 2363
2218 2299
2218 2625
2220 2381
2221 2479
2224 2347
2229 2329
2229 2393
2233 2370
2233 2469
2235 2265
2240 2271
2241 2268
2241 2594
2244 2418
2244 2630
2247 2642
2253 2354
2257 2414
2258 2477
2262 2391
2266 2275
2266 2532
2268 2543
2271 2423
2275 2391
2276 2278
2278 2352
2279 2396
2282 2310
2283 2463
2289 2325
2290 2556
2292 2653
2294 2512
2299 2624
2300 2478
2306 2532
2308 2363
2309 2340
2311 2446
2313 2448
2322 2406
2324 2376
2325 2544
2326 2383
2327 2617
2331 2356
2331 2604
2334 2556
2336 2543
2338 2398
2340 2591
2344 2434
2347 2398
2347 2598
2351 2463
2354 2404
2356 2554
2356 2611
2365 2378
2369 2460
2370 2374
2373 2656
2376 2630
2381 2504
2384 2567
2386 2492
2392 2611
2395 2615
2398 2543
2408 2464
2409 2623
2410 2615
2417 2537
2423 2552
2428 2429
2430 2526
2436 2475
2446 2574
2450 2558
2463 2471
2463 2588
2469 2590
2471 2555
2482 2500
2485 2646
2492 2638
2500 2506
2501 2617
2508 2555
2511 2537
2526 2631
2537 2617
2542 2607
2551 2559
2552 2604
2561 2601
2564 2631
2575 2625
2590 2625
2615 2646
2630 2655
2645 2659
2664 2757
2664 2905
2666 3078
2668 3341
2671 3077
2674 2863
2676 3301
2679 3108
2681 2835
2683 2839
2686 3217
2690 3099
2694 3202
2698 2815
2705 3304
2707 3182
2712 2796
2716 3015
2717 2777
2719 3252
2724 3086
2728 3366
2730 2781
2731 3114
2736 3327
2739 3233
2742 3148
2743 3220
2748 3406
2751 3150
2754 2877
2755 2913
2755 3238
2759 2836
2763 2967
2765 3297
2769 3090
2775 3062
2778 3261
2780 3233
2782 3226
2784 2848
2786 2944
2787 3327
2796 3049
2800 3400
2806 2920
2813 2951
2817 3074
2825 3431
2829 3069
2833 3115
2836 3140
2839 2960
2841 3016
2849 3288
2851 3139
2854 3213
2863 3049
2865 3032
2866 2906
2869 3350
2871 3259
2875 3313
2877 3033
2881 3007
2890 2919
2890 3417
2897 2906
2901 3154
2905 3184
2910 2920
2911 2960
2914 3101
2916 3195
2921 3256
2925 3065
2928 3033
2934 3186
2936 3170
2939 3267
2943 3065
2947 3019
2951 2955
2956 2985
2960 3433
2967 3303
2970 3070
2974 3056
2983 3128
2989 3198
2991 3378
2994 3417
3002 3249
3009 3279
3011 3398
3020 3083
3021 3419
3026 3362
3032 3264
3036 3073
3043 3313
3047 3348
3052 3149
3056 3348
3069 3168
3076 3291
3080 3390
3082 3381
3086 3346
3096 3348
3101 3152
3107 3421
3113 3335
3115 3252
3120 3277
3129 3226
3140 3331
3145 3204
3152 3169
3160 3355
3172 3351
3179 3262
3185 3347
3195 3426
3201 3267
3220 3417
3225 3403
3234 3362
3252 3419
3268 3407
3269 3400
3289 3396
3301 3426
3324 3339
3335 3385
3355 3386
3391 3434
3437 3548
3437 3606
3437 3747
3437 3816
3437 3897
3440 3968
3444 3849
3452 3488
3458 3810
3464 3604
3471 3540
3475 3501
3479 3481
3485 3528
3491 3971
3498 3862
3506 3555
3510 3630
3518 3605
3521 3769
3526 3831
3529 3947
3540 3596
3546 3679
3557 3804
3562 3613
3568 3614
3578 3640
3586 3889
3592 3888
3601 3782
3604 3913
3609 3968
3617 3622
3633 3687
3635 3938
3645 3782
3662 3814
3679 3905
3684 3852
3692 3851
3707 3730
3719 3951
3730 3790
3743 3868
3764 3931
3776 3809
3805 3916
3815 3921
3835 3921
3872 3950
3906 3937
3980 3984
3982 4026
4014 4037
