4 300
4 963
5 508
6 389
7 344
7 383
8 398
8 631
9 538
10 868
11 560
11 869
13 254
14 190
14 418
16 78
16 234
16 435
16 727
16 774
18 319
18 507
18 712
19 810
20 841
21 405
22 607
22 630
26 277
26 461
27 445
28 122
30 342
30 629
30 886
31 271
32 391
34 39
35 301
36 4
36 41
37 485
37 893
38 97
38 771
40 925
41 627
42 640
42 816
43 514
43 578
44 93
44 854
46 248
47 988
49 211
49 773
50 247
51 12
51 710
51 714
53 24
55 565
56 206
56 626
57 450
58 334
58 535
58 547
59 403
59 650
60 286
60 971
64 554
65 26
65 217
68 434
68 439
70 933
71 11
72 949
73 454
80 121
82 965
83 502
84 746
84 823
84 825
85 24
87 423
88 221
88 729
90 437
90 825
92 322
92 524
92 828
93 859
94 390
94 394
97 1
97 409
97 932
98 196
99 628
100 660
101 303
101 562
102 52
104 129
105 972
107 448
108 838
109 60
110 417
112 160
114 725
115 165
116 795
116 979
117 574
118 880
120 794
121 317
121 725
123 113
123 415
123 461
124 946
125 235
125 772
127 863
128 641
128 869
135 290
136 140
136 583
136 753
138 510
139 509
140 249
140 826
142 381
142 950
144 410
144 815
146 73
146 431
147 880
148 503
148 733
148 902
149 768
150 617
151 674
152 48
153 765
154 27
154 102
154 164
155 977
158 285
161 494
164 604
164 870
165 970
167 175
171 507
171 857
172 814
173 448
173 453
174 139
174 676
177 966
180 642
181 165
183 627
184 328
185 75
186 136
186 162
186 715
187 286
187 740
188 93
189 297
190 865
192 205
192 946
193 953
194 553
195 726
196 601
197 881
198 60
198 450
199 70
199 236
200 898
201 738
201 843
202 226
203 858
205 110
205 552
206 348
207 27
209 560
209 654
210 686
211 784
212 102
212 191
212 861
213 65
213 397
213 783
214 190
215 134
216 239
217 335
220 47
220 285
221 69
221 393
222 16
222 453
223 915
225 700
229 66
233 707
235 107
237 35
237 378
237 461
237 560
238 845
239 314
240 85
240 131
244 470
245 224
245 256
249 232
249 457
249 987
250 225
252 481
252 571
252 732
253 41
253 393
253 594
253 757
255 92
255 729
256 286
256 748
257 142
257 861
260 2
260 461
260 585
262 238
267 118
267 287
268 219
268 251
269 177
269 861
270 102
271 120
272 363
273 181
273 355
274 893
277 457
277 685
277 766
280 13
280 662
281 710
282 391
283 569
284 89
284 782
285 315
285 712
285 842
286 756
287 824
288 232
288 361
288 492
288 738
289 641
291 289
292 529
293 410
294 129
294 791
295 540
296 171
296 209
297 932
300 164
300 729
301 520
302 149
304 81
304 899
309 66
309 288
309 305
309 855
311 977
312 10
313 361
313 484
315 720
317 537
317 720
317 954
318 559
319 217
319 886
323 438
325 583
325 639
325 652
325 862
325 920
326 995
328 398
329 197
332 64
335 447
336 622
339 685
340 29
340 640
343 977
344 927
346 455
346 933
348 90
350 22
350 640
350 686
351 118
351 709
352 234
354 49
359 668
360 556
360 764
361 998
363 22
364 357
368 61
368 73
368 672
368 866
368 917
370 137
370 289
371 939
374 33
374 994
375 53
375 269
375 815
379 118
380 199
380 631
380 646
381 542
381 833
383 472
386 724
387 770
388 550
388 675
389 131
391 137
393 276
393 716
394 47
396 97
396 954
397 624
397 660
399 52
400 737
401 358
401 364
403 312
403 819
403 995
406 761
407 715
408 32
408 243
408 892
409 612
410 89
410 996
411 334
413 368
416 683
416 843
418 618
419 18
420 139
420 500
420 564
421 530
422 67
422 160
425 294
427 136
428 749
429 379
430 127
430 347
430 884
431 18
431 344
431 662
431 968
432 475
432 481
432 824
432 988
434 82
434 583
435 75
435 207
435 557
435 721
436 601
437 518
438 253
438 694
439 619
441 356
442 346
442 550
443 206
443 293
444 415
446 144
447 719
449 812
450 139
451 859
452 51
452 64
454 386
454 651
457 568
458 287
459 589
459 653
459 884
460 280
460 704
460 798
463 496
463 783
464 477
464 802
466 723
467 547
467 806
468 242
468 534
468 841
470 602
470 949
473 477
474 106
475 126
477 23
477 331
477 596
478 200
479 283
480 147
480 280
482 380
483 121
483 574
484 341
484 731
485 300
486 506
486 621
488 419
490 564
491 125
492 443
493 42
493 447
494 275
498 447
498 839
499 590
499 887
500 868
501 205
503 558
503 611
505 230
505 346
505 772
509 76
509 366
510 2
511 483
512 981
514 283
515 86
515 653
515 852
515 939
519 77
519 586
519 755
521 165
524 225
524 332
524 520
526 44
526 274
528 374
529 504
529 755
531 401
532 563
533 94
533 177
534 549
535 755
537 253
538 186
538 247
538 643
539 145
539 712
540 690
541 331
541 699
541 754
543 352
543 465
545 211
545 227
545 889
546 137
549 138
549 194
549 388
552 402
552 546
552 573
553 433
556 12
556 831
557 264
557 998
559 758
559 991
560 843
562 112
563 949
565 375
567 549
567 956
569 36
571 1
572 286
572 673
574 920
575 79
575 385
575 878
576 221
576 522
576 604
581 338
581 553
582 476
584 73
586 366
587 348
587 558
587 833
589 773
590 435
591 235
595 25
596 139
597 806
599 499
600 968
601 346
602 559
602 795
605 571
605 633
607 137
607 656
610 265
612 427
614 184
614 207
614 218
615 56
615 816
616 781
616 814
616 946
617 201
617 887
618 646
619 118
620 179
621 652
622 191
622 662
623 267
624 639
624 800
626 18
626 39
626 850
629 599
629 803
630 379
630 579
633 19
633 212
633 316
633 697
633 923
634 932
636 450
636 868
637 812
640 485
640 487
642 245
644 418
644 793
645 264
646 64
646 349
647 243
648 402
648 823
649 300
649 544
650 152
650 619
654 160
655 610
656 315
656 601
658 363
658 942
658 943
659 316
659 338
659 908
659 938
660 241
660 348
661 667
661 730
662 322
665 263
669 914
670 125
672 497
672 987
673 746
675 348
678 299
678 512
679 395
679 936
681 48
684 158
685 800
686 19
686 874
687 36
688 554
688 733
688 870
689 356
690 552
692 422
692 487
693 130
693 220
693 235
693 778
694 399
695 338
697 586
699 22
699 330
699 499
699 915
700 310
701 96
701 233
705 84
705 739
706 574
709 517
711 79
711 305
712 124
712 1000
713 73
713 76
713 309
715 192
715 448
715 787
716 471
717 650
719 56
719 177
722 169
723 345
723 585
724 20
725 139
726 353
726 683
727 522
727 862
728 26
728 824
731 436
731 586
732 429
733 590
733 800
734 258
737 92
739 682
739 966
741 674
743 650
746 184
746 253
746 621
746 789
747 865
748 422
749 715
749 779
750 21
750 427
751 763
753 368
754 695
755 601
756 944
757 252
757 388
757 647
758 64
760 188
760 437
760 501
760 824
761 415
769 296
769 400
771 369
772 75
773 523
774 548
774 657
775 60
776 336
776 689
778 653
780 659
780 849
781 261
781 420
781 620
783 167
784 583
786 190
786 999
788 322
789 436
790 505
790 994
791 98
794 50
794 274
796 960
797 104
797 737
798 819
802 203
803 919
804 340
804 769
805 396
805 737
806 136
806 209
807 403
807 779
808 977
809 458
809 568
811 99
812 184
812 804
814 309
814 448
816 245
817 64
819 560
819 765
821 176
821 280
821 389
821 699
824 222
825 736
827 85
827 343
827 521
828 247
828 305
829 954
829 958
830 887
831 213
831 459
831 526
834 123
835 35
835 658
841 590
843 778
844 773
844 898
846 86
846 104
846 236
846 292
846 920
846 948
848 357
848 898
850 577
851 483
852 162
854 899
855 504
855 635
855 690
856 57
858 260
859 765
860 252
862 830
863 867
863 989
864 344
864 379
864 526
864 743
866 650
866 741
866 974
871 88
871 198
871 416
875 755
876 410
877 44
880 160
880 867
881 823
881 972
882 687
883 354
883 508
884 329
884 633
887 9
888 83
888 97
888 441
890 213
891 573
892 282
893 721
896 427
896 648
896 751
896 755
897 348
898 891
899 468
899 581
899 926
900 40
901 65
901 483
904 494
905 489
911 659
912 64
915 266
915 698
916 442
916 827
916 906
918 304
919 601
924 25
924 979
926 425
928 31
936 250
936 844
940 304
940 789
941 396
943 232
947 348
948 12
948 480
950 459
951 434
951 666
951 905
952 694
953 380
953 823
954 159
954 437
954 496
954 516
955 615
956 734
956 928
958 929
959 801
961 689
961 886
962 610
963 262
963 434
963 533
964 426
965 721
969 282
969 876
969 888
969 898
970 726
971 228
971 524
971 655
971 693
972 751
974 232
974 268
974 459
976 106
976 269
976 274
978 42
978 342
980 492
981 111
984 567
985 37
987 596
987 651
987 679
991 85
991 560
991 623
992 334
993 707
996 293
997 668
999 319
999 378
999 876
1000 76
984 549
984 956
286 944
205 417
368 650
368 741
368 974
928 271
693 47
693 285
97 612
30 599
30 803
288 998
313 998
705 682
705 966
956 31
44 859
188 859
892 391
969 391
100 241
100 348
397 241
397 348
802 858
899 338
899 553
712 946
118 160
118 867
147 160
147 867
409 427
7 927
431 927
864 927
963 94
963 177
73 386
73 651
538 136
538 162
538 715
565 53
565 269
565 815
136 368
235 448
769 171
769 209
37 300
640 300
127 867
127 989
65 335
319 335
211 583
549 510
90 518
760 518
954 518
56 18
56 39
56 850
348 437
348 825
899 242
899 534
899 841
71 560
71 869
478 898
6 131
821 131
567 734
567 928
80 317
80 725
483 317
483 725
599 590
599 887
699 590
699 887
493 640
493 816
978 640
978 816
781 139
781 500
781 564
460 819
249 596
249 651
249 679
672 596
672 651
672 679
650 48
447 56
447 177
146 454
368 454
584 454
713 454
963 238
42 485
42 487
340 485
340 487
350 485
350 487
797 129
846 129
443 410
996 410
59 312
59 819
59 995
807 312
807 819
807 995
616 261
616 420
616 620
165 726
898 573
615 206
615 626
719 206
719 626
642 224
642 256
816 224
816 256
68 82
68 583
951 82
951 583
963 82
963 583
991 267
449 184
449 804
637 184
637 804
148 590
148 800
688 590
688 800
209 160
201 778
416 778
560 778
329 881
454 724
193 380
193 823
267 880
351 880
379 880
619 880
277 800
339 800
302 768
393 471
951 489
199 933
679 250
679 844
350 607
350 630
363 607
363 630
699 607
699 630
49 784
545 784
769 737
459 773
693 653
843 653
138 2
541 22
541 330
541 499
541 915
821 22
821 330
821 499
821 915
969 83
969 97
969 441
375 24
146 18
146 344
146 662
146 968
781 179
543 234
803 601
705 746
705 823
705 825
549 553
7 472
406 415
142 459
918 81
918 899
940 81
940 899
569 4
569 41
687 4
687 41
250 700
524 700
512 111
217 447
92 225
92 332
92 520
971 225
971 332
971 520
245 286
245 748
269 966
533 966
719 966
791 196
267 824
458 824
44 899
633 810
686 810
213 624
213 660
519 366
697 366
731 366
794 247
216 314
150 201
150 887
467 136
467 209
597 136
597 209
9 186
9 247
9 643
16 522
16 862
831 589
831 653
831 884
950 589
950 653
950 884
974 589
974 653
974 884
896 402
896 823
482 199
482 631
482 646
953 199
953 631
953 646
283 36
559 64
562 160
35 520
987 395
987 936
824 16
824 453
746 436
940 436
524 64
827 165
304 468
304 581
304 926
854 468
854 581
854 926
332 554
452 554
646 554
758 554
817 554
912 554
438 41
438 393
438 594
438 757
537 41
537 393
537 594
537 757
746 41
746 393
746 594
746 757
916 346
916 550
272 22
658 22
205 402
205 546
205 573
690 402
690 546
690 573
866 674
280 322
431 322
622 322
222 78
222 234
222 435
222 727
222 774
192 110
192 552
501 110
501 552
94 47
125 75
505 75
285 720
656 720
971 130
971 220
971 235
971 778
220 988
394 988
926 294
629 919
442 455
442 933
505 455
505 933
601 455
601 933
58 755
386 20
623 118
623 287
760 93
519 601
529 601
535 601
875 601
896 601
136 249
136 826
884 197
936 225
68 619
296 507
296 857
534 138
534 194
534 388
567 138
567 194
567 388
255 322
255 524
255 828
737 322
737 524
737 828
244 602
244 949
780 316
780 338
780 908
780 938
911 316
911 338
911 908
911 938
280 254
32 137
282 137
804 296
804 400
829 929
834 113
834 415
834 461
403 10
760 205
540 552
855 552
526 93
526 854
877 93
877 854
701 707
692 67
692 160
748 67
748 160
827 977
180 245
556 213
556 459
556 526
528 33
528 994
532 949
313 341
313 731
572 746
325 830
727 830
154 445
207 445
213 167
463 167
105 751
881 751
37 721
274 721
731 601
789 601
172 309
172 448
616 309
616 448
552 137
607 315
607 601
312 868
380 70
380 236
549 550
549 675
757 550
757 675
271 794
713 66
713 288
713 305
713 855
814 66
814 288
814 305
814 855
882 36
969 410
999 410
36 627
253 627
488 18
804 29
804 640
292 504
292 755
57 139
198 139
636 139
92 247
92 305
11 843
209 843
237 843
819 843
991 843
428 715
428 779
846 529
93 765
451 765
831 65
831 397
831 783
890 65
890 397
890 783
678 981
336 191
336 662
712 76
115 970
181 970
521 970
883 49
252 429
98 601
117 920
483 920
706 920
871 683
871 843
120 50
120 274
831 44
831 274
864 44
864 274
186 192
186 448
186 787
407 192
407 448
407 787
749 192
749 448
749 787
335 719
493 719
498 719
84 736
90 736
413 61
413 73
413 672
413 866
413 917
753 61
753 73
753 672
753 866
753 917
435 264
435 998
84 184
84 253
84 621
84 789
673 184
673 253
673 621
673 789
291 641
370 641
750 405
694 52
139 76
139 366
499 9
617 9
830 9
439 118
650 118
295 690
888 502
59 152
59 619
717 152
717 619
743 152
743 619
866 152
866 619
36 300
36 963
252 1
605 1
288 443
980 443
237 301
835 301
470 559
470 795
294 98
18 124
18 1000
285 124
285 1000
539 124
539 1000
605 19
605 212
605 316
605 697
605 923
884 19
884 212
884 316
884 697
884 923
864 650
38 1
38 409
38 932
396 1
396 409
396 932
888 1
888 409
888 932
60 756
187 756
256 756
572 756
432 126
419 319
419 507
419 712
431 319
431 507
431 712
626 319
626 507
626 712
435 27
614 27
805 97
805 954
941 97
941 954
16 548
16 657
4 262
4 434
4 533
121 537
121 720
121 954
754 338
430 329
430 633
459 329
459 633
354 211
354 773
262 845
612 136
750 136
896 136
206 90
587 90
660 90
675 90
897 90
947 90
317 253
195 353
195 683
970 353
970 683
223 266
223 698
699 266
699 698
375 177
375 861
976 177
976 861
809 287
757 243
14 865
214 865
786 865
429 118
630 118
864 118
253 252
253 388
253 647
4 164
4 729
485 164
485 729
649 164
649 729
408 391
88 69
88 393
576 69
576 393
144 89
144 996
293 89
293 996
876 89
876 996
629 499
257 381
257 950
351 517
200 891
844 891
848 891
969 891
757 481
757 571
757 732
860 481
860 571
860 732
888 356
22 379
22 579
403 560
403 765
798 560
798 765
533 390
533 394
479 569
514 569
626 577
221 276
221 716
253 276
253 716
38 369
491 235
491 772
670 235
670 772
148 558
148 611
197 823
197 972
125 107
591 107
693 107
464 203
559 85
559 560
559 623
468 549
466 345
466 585
55 375
541 695
658 232
189 932
388 348
477 139
987 139
866 232
866 268
866 459
174 509
420 509
450 509
596 509
725 509
184 398
109 286
109 971
198 286
198 971
775 286
775 971
140 232
140 457
140 987
323 253
323 694
42 245
615 245
400 92
797 92
805 92
899 425
460 13
460 662
480 13
480 662
821 13
821 662
835 363
835 942
835 943
617 738
617 843
420 868
776 356
961 356
655 265
962 265
862 887
614 328
746 328
812 328
101 112
896 763
972 763
425 129
425 791
511 121
511 574
851 121
851 574
901 121
901 574
368 497
368 987
65 277
65 461
728 277
728 461
60 228
60 524
60 655
60 693
186 140
186 583
186 753
427 140
427 583
427 753
806 140
806 583
806 753
43 283
408 282
856 450
16 75
16 207
16 557
16 721
590 75
590 207
590 557
590 721
397 639
397 800
783 175
956 258
871 221
871 729
26 457
26 685
26 766
971 610
936 773
936 898
887 538
871 60
871 450
317 159
317 437
317 496
317 516
396 159
396 437
396 496
396 516
829 159
829 437
829 496
829 516
210 19
210 874
350 19
350 874
900 925
14 618
644 618
22 137
22 656
858 2
858 461
858 585
916 85
916 343
916 521
273 165
318 758
318 991
602 758
602 991
256 422
154 52
212 52
270 52
948 147
948 280
203 260
633 102
633 191
633 861
531 358
531 364
499 435
733 435
841 435
225 310
486 652
746 652
786 319
786 378
786 876
154 604
154 870
300 604
300 870
484 436
484 586
240 24
827 24
991 24
526 893
794 893
976 893
20 590
468 590
161 275
904 275
985 485
985 893
480 880
776 622
287 222
432 222
728 222
760 222
360 12
360 831
811 628
309 232
309 361
309 492
309 738
464 23
464 331
464 596
473 23
473 331
473 596
309 504
309 635
309 690
724 841
296 560
296 654
806 560
806 654
82 721
18 217
18 886
999 217
999 886
633 586
452 12
452 710
452 714
732 379
418 646
410 293
434 965
31 120
715 205
715 946
142 542
142 833
846 12
846 480
196 346
436 346
656 346
755 346
919 346
446 410
446 815
213 26
213 217
901 26
901 217
492 206
492 293
401 357
194 433
581 433
158 315
158 712
158 842
220 315
220 712
220 842
515 162
56 348
443 348
49 523
589 523
844 523
430 863
790 230
790 346
790 772
438 399
952 399
955 56
955 816
812 340
812 769
684 285
114 139
121 139
974 219
974 251
249 568
277 568
380 64
380 349
618 64
618 349
60 944
187 944
256 944
572 944
192 417
501 417
413 650
413 741
413 974
753 650
753 741
753 974
956 271
971 47
971 285
38 612
396 612
888 612
309 998
567 31
760 859
526 859
877 859
213 241
213 348
464 858
304 338
304 553
854 338
854 553
18 946
285 946
539 946
267 160
267 867
351 160
351 867
379 160
379 867
619 160
619 867
480 160
480 867
97 427
146 927
4 94
4 177
146 386
146 651
368 386
368 651
584 386
584 651
713 386
713 651
9 136
9 162
9 715
55 53
55 269
55 815
186 368
427 368
806 368
125 448
591 448
693 448
804 171
804 209
42 300
340 300
350 300
985 300
430 867
430 989
18 335
999 335
213 335
901 335
49 583
545 583
534 510
567 510
348 518
317 518
396 518
829 518
615 18
615 39
615 850
719 18
719 39
719 850
206 437
206 825
587 437
587 825
660 437
660 825
675 437
675 825
897 437
897 825
947 437
947 825
304 242
304 534
304 841
854 242
854 534
854 841
984 734
984 928
511 317
511 725
851 317
851 725
901 317
901 725
541 590
541 887
821 590
821 887
629 590
629 887
616 139
616 500
616 564
140 596
140 651
140 679
368 596
368 679
59 48
717 48
743 48
866 48
335 56
335 177
493 56
493 177
498 56
498 177
413 454
753 454
4 238
493 485
493 487
978 485
978 487
804 485
804 487
410 410
492 410
115 726
181 726
521 726
200 573
844 573
848 573
969 573
447 206
447 626
955 206
955 626
180 224
180 256
42 224
42 256
615 224
615 256
4 82
4 583
559 267
296 160
806 160
11 778
209 778
237 778
819 778
991 778
871 778
617 778
884 881
73 724
623 880
439 880
650 880
429 880
630 880
864 880
26 800
221 471
253 471
380 933
987 250
987 844
541 607
541 630
821 607
821 630
272 607
272 630
658 607
658 630
354 784
804 737
831 773
950 773
974 773
201 653
416 653
560 653
971 653
549 2
565 24
616 179
629 601
534 553
567 553
257 459
283 4
283 41
882 4
882 41
92 700
971 700
936 700
678 111
65 447
319 447
255 225
255 332
255 520
737 225
737 332
737 520
60 225
60 332
60 520
642 286
642 748
816 286
816 748
963 966
447 966
375 966
976 966
294 196
623 824
809 824
526 899
877 899
605 810
884 810
210 810
350 810
831 624
831 660
890 624
890 660
484 366
633 366
120 247
887 186
887 247
887 643
222 522
222 862
142 589
142 653
142 884
556 589
556 653
556 884
866 589
866 653
866 884
193 199
193 631
193 646
479 36
514 36
318 64
602 64
101 160
237 520
835 520
249 395
249 936
672 395
672 936
287 16
287 453
432 16
432 453
728 16
728 453
760 16
760 453
84 436
673 436
92 64
971 64
916 165
918 468
918 581
918 926
940 468
940 581
940 926
44 468
44 581
44 926
559 554
524 554
380 554
618 554
84 41
84 393
84 594
84 757
673 41
673 393
673 594
673 757
317 41
317 393
317 594
317 757
323 41
323 393
323 594
323 757
835 22
192 402
192 546
192 573
501 402
501 546
501 573
540 402
540 546
540 573
855 402
855 546
855 573
368 674
146 322
336 322
460 322
480 322
821 322
824 78
824 234
824 435
824 727
824 774
760 110
760 552
715 110
715 552
533 47
491 75
670 75
790 75
607 720
158 720
220 720
60 130
60 220
60 235
60 778
693 988
94 988
899 294
30 919
916 455
916 933
196 455
196 933
436 455
436 933
656 455
656 933
755 455
755 933
919 455
919 933
790 455
790 933
454 20
991 118
991 287
58 601
292 601
186 249
186 826
427 249
427 826
806 249
806 826
430 197
459 197
679 225
769 507
769 857
984 138
984 194
984 388
468 138
468 194
468 388
400 322
400 524
400 828
797 322
797 524
797 828
805 322
805 524
805 828
460 254
480 254
821 254
892 137
969 137
408 137
812 296
812 400
59 10
807 10
295 552
309 552
831 93
831 854
864 93
864 854
256 67
256 160
916 977
360 213
360 459
360 526
16 830
435 445
614 445
831 167
890 167
197 751
526 721
794 721
976 721
985 721
746 601
940 601
484 601
205 137
690 137
22 315
22 601
403 868
482 70
482 236
953 70
953 236
534 550
534 675
567 550
567 675
253 550
253 675
31 794
172 66
172 288
172 305
172 855
616 66
616 288
616 305
616 855
786 410
569 627
687 627
438 627
537 627
746 627
812 29
812 640
846 504
846 755
856 139
871 139
255 247
255 305
737 247
737 305
71 843
403 843
798 843
559 843
296 843
806 843
44 765
188 765
556 65
556 397
556 783
776 191
776 662
18 76
285 76
539 76
827 970
273 970
757 429
860 429
791 601
511 920
851 920
901 920
271 50
271 274
556 44
556 274
538 192
538 448
538 787
428 192
428 448
428 787
217 719
348 736
705 736
136 61
136 73
136 672
136 866
136 917
16 264
16 998
590 264
590 998
705 184
705 253
705 621
705 789
572 184
572 253
572 621
572 789
438 52
952 52
174 76
174 366
420 76
420 366
450 76
450 366
596 76
596 366
725 76
725 366
599 9
699 9
150 9
862 9
68 118
59 118
717 118
743 118
866 118
969 502
368 152
368 619
864 152
864 619
569 300
569 963
687 300
687 963
757 1
860 1
309 443
244 559
244 795
425 98
419 124
419 1000
431 124
431 1000
626 124
626 1000
158 124
158 1000
220 124
220 1000
430 19
430 212
430 316
430 697
430 923
459 19
459 212
459 316
459 697
459 923
969 1
969 409
969 932
805 1
805 409
805 932
941 1
941 409
941 932
245 756
109 756
198 756
775 756
56 319
56 507
56 712
146 319
146 507
146 712
488 319
488 507
488 712
16 27
590 27
222 548
222 657
36 262
36 434
36 533
80 537
80 720
80 954
483 537
483 720
483 954
541 338
831 329
831 633
950 329
950 633
974 329
974 633
883 211
883 773
963 845
409 136
100 90
397 90
388 90
56 90
443 90
121 253
165 353
165 683
541 266
541 698
821 266
821 698
565 177
565 861
253 243
22 118
732 118
438 252
438 388
438 647
537 252
537 388
537 647
746 252
746 388
746 647
37 164
37 729
640 164
640 729
36 164
36 729
871 69
871 393
443 89
443 996
996 89
996 996
969 89
969 996
999 89
999 996
446 89
446 996
30 499
478 891
936 891
253 481
253 571
253 732
969 356
350 379
350 579
363 379
363 579
699 379
699 579
460 560
460 765
59 560
59 765
807 560
807 765
963 390
963 394
43 569
56 577
438 276
438 716
537 276
537 716
746 276
746 716
88 276
88 716
576 276
576 716
329 823
329 972
971 107
491 107
670 107
318 85
318 560
318 623
602 85
602 560
602 623
899 549
835 232
549 348
757 348
249 139
672 139
464 139
473 139
368 232
368 268
368 459
781 509
57 509
198 509
636 509
477 509
987 509
114 509
121 509
614 398
746 398
812 398
871 286
871 971
136 232
136 457
136 987
493 245
978 245
955 245
769 92
304 425
854 425
948 13
948 662
150 738
150 843
781 868
971 265
325 887
727 887
449 328
637 328
84 328
673 328
105 763
881 763
926 129
926 791
413 497
413 987
753 497
753 987
213 277
213 461
901 277
901 461
109 228
109 524
109 655
109 693
198 228
198 524
198 655
198 693
775 228
775 524
775 655
775 693
538 140
538 583
538 753
467 140
467 583
467 753
597 140
597 583
597 753
612 140
612 583
612 753
750 140
750 583
750 753
896 140
896 583
896 753
222 75
222 207
222 557
222 721
499 75
499 207
499 557
499 721
733 75
733 207
733 557
733 721
841 75
841 207
841 557
841 721
213 639
213 800
213 175
463 175
567 258
65 457
65 685
65 766
728 457
728 685
728 766
60 610
679 773
679 898
499 538
617 538
830 538
805 159
805 437
805 496
805 516
941 159
941 437
941 496
941 516
121 159
121 437
121 496
121 516
350 137
350 656
363 137
363 656
699 137
699 656
203 2
203 461
203 585
470 758
470 991
245 422
633 52
846 147
846 280
802 260
605 102
605 191
605 861
884 102
884 191
884 861
599 435
699 435
148 435
688 435
20 435
468 435
250 310
524 310
84 652
673 652
4 604
4 870
485 604
485 870
649 604
649 870
313 436
313 586
559 24
916 24
120 893
831 893
864 893
899 590
724 590
948 880
267 222
458 222
713 232
713 361
713 492
713 738
814 232
814 361
814 492
814 738
713 504
713 635
713 690
814 504
814 635
814 690
386 841
769 560
769 654
467 560
467 654
597 560
597 654
434 721
419 217
419 886
431 217
431 886
626 217
626 886
786 217
786 886
605 586
884 586
252 379
14 646
644 646
144 293
293 293
876 293
68 965
951 965
963 965
928 120
186 205
186 946
407 205
407 946
749 205
749 946
257 542
257 833
803 346
519 346
529 346
535 346
875 346
896 346
731 346
789 346
607 346
98 346
831 26
831 217
890 26
890 217
288 206
288 293
980 206
980 293
531 357
899 433
549 433
693 315
693 712
693 842
684 315
684 712
684 842
615 348
719 348
492 348
459 523
354 523
936 523
323 399
449 340
449 769
637 340
637 769
80 139
483 139
866 219
866 251
140 568
26 568
482 64
482 349
953 64
953 349
418 64
418 349
413 674
413 152
413 619
413 232
413 268
413 459
753 674
753 152
753 619
753 232
753 268
753 459
956 120
971 988
971 315
971 712
971 842
38 427
396 427
888 427
567 271
760 765
526 765
877 765
213 90
464 260
304 433
854 433
97 136
4 966
4 390
4 394
146 724
368 724
584 724
713 724
9 192
9 448
9 787
9 140
9 583
9 753
55 24
55 177
55 861
186 61
186 73
186 672
186 866
186 917
427 61
427 73
427 672
427 866
427 917
806 61
806 73
806 672
806 866
806 917
804 507
804 857
804 560
804 654
42 164
42 729
340 164
340 729
350 164
350 729
985 164
985 729
18 447
999 447
213 447
901 447
534 2
567 2
615 319
615 507
615 712
615 577
719 319
719 507
719 712
719 577
206 518
206 736
587 518
587 736
660 518
660 736
675 518
675 736
897 518
897 736
947 518
947 736
304 549
304 590
854 549
854 590
984 31
984 258
511 537
511 720
511 954
511 139
851 537
851 720
851 954
851 139
901 537
901 720
901 954
901 139
541 9
541 435
821 9
821 435
629 9
629 435
616 509
616 868
140 395
140 936
140 139
368 395
368 936
368 139
335 206
335 626
335 966
493 206
493 626
493 966
498 206
498 626
498 966
413 386
413 651
753 386
753 651
4 845
493 300
978 300
804 300
492 89
492 996
115 353
115 683
181 353
181 683
521 353
521 683
447 18
447 39
447 850
447 348
955 18
955 39
955 850
955 348
180 286
180 748
42 286
42 748
615 286
615 748
4 965
559 118
559 287
11 653
209 653
237 653
819 653
991 653
871 653
617 653
884 823
884 972
73 20
623 160
623 867
439 160
439 867
650 160
650 867
429 160
429 867
630 160
630 867
864 160
864 867
987 225
987 773
987 898
541 379
541 579
541 137
541 656
821 379
821 579
821 137
821 656
272 379
272 579
272 137
272 656
658 379
658 579
658 137
658 656
354 583
804 92
831 523
950 523
974 523
629 346
534 433
567 433
257 589
257 653
257 884
283 627
283 300
283 963
882 627
882 300
882 963
92 310
971 310
936 310
65 719
319 719
255 700
255 64
737 700
737 64
60 700
60 64
642 756
642 422
816 756
816 422
294 601
623 222
809 222
526 468
526 581
526 926
877 468
877 581
877 926
831 241
831 348
831 639
831 800
890 241
890 348
890 639
890 800
887 136
887 162
887 715
222 830
142 773
142 329
142 633
556 773
556 329
556 633
866 773
866 329
866 633
193 70
193 236
193 64
193 349
479 4
479 41
514 4
514 41
318 554
602 554
249 250
249 844
672 250
672 844
287 78
287 234
287 435
287 727
287 774
432 78
432 234
432 435
432 727
432 774
728 78
728 234
728 435
728 727
728 774
760 78
760 234
760 435
760 727
760 774
84 601
673 601
92 554
971 554
916 970
918 338
918 553
918 242
918 534
918 841
918 425
940 338
940 553
940 242
940 534
940 841
940 425
44 338
44 553
44 242
44 534
44 841
44 425
84 627
84 252
84 388
84 647
84 276
84 716
673 627
673 252
673 388
673 647
673 276
673 716
317 627
317 252
317 388
317 647
317 276
317 716
323 627
323 252
323 388
323 647
323 276
323 716
835 607
835 630
192 137
501 137
540 137
855 137
824 522
824 862
824 548
824 657
824 75
824 207
824 557
824 721
760 417
760 402
760 546
760 573
715 417
715 402
715 546
715 573
533 988
60 47
60 285
60 653
60 107
899 129
899 791
30 601
454 841
991 880
991 824
58 346
292 346
186 232
186 457
186 987
427 232
427 457
427 987
806 232
806 457
806 987
430 881
459 881
679 700
984 510
984 553
984 550
984 675
468 510
468 553
468 550
468 675
400 225
400 332
400 520
400 247
400 305
797 225
797 332
797 520
797 247
797 305
805 225
805 332
805 520
805 247
805 305
812 171
812 209
812 737
59 868
807 868
295 402
295 546
295 573
309 402
309 546
309 573
831 859
831 899
864 859
864 899
360 589
360 653
360 884
360 65
360 397
360 783
360 44
360 274
16 887
831 175
890 175
197 763
746 346
940 346
484 346
22 720
22 346
482 933
953 933
534 348
567 348
253 348
31 50
31 274
172 232
172 361
172 492
172 738
172 504
172 635
172 690
616 232
616 361
616 492
616 738
616 504
616 635
616 690
786 89
786 996
812 485
812 487
846 601
856 509
871 509
71 778
403 778
798 778
559 778
296 778
806 778
556 624
556 660
556 167
556 26
556 217
776 322
827 726
273 726
757 379
860 379
791 346
271 247
271 893
556 93
556 854
556 893
538 205
538 946
428 205
428 946
217 56
217 177
136 650
136 741
136 974
136 454
136 497
705 436
705 41
705 393
705 594
705 757
705 328
705 652
572 436
572 41
572 393
572 594
572 757
572 328
572 652
599 538
699 538
150 538
862 538
68 880
59 880
717 880
743 880
866 880
368 48
368 118
864 48
569 262
569 434
569 533
569 164
569 729
687 262
687 434
687 533
687 164
687 729
309 206
309 293
244 758
244 991
425 196
419 946
419 76
431 946
431 76
626 946
626 76
158 946
158 76
220 946
220 76
430 810
430 102
430 191
430 861
430 586
459 810
459 102
459 191
459 861
459 586
969 612
805 612
941 612
245 944
109 944
198 944
775 944
56 124
56 1000
56 217
56 886
146 124
146 1000
146 217
146 886
488 124
488 1000
488 217
488 886
16 445
590 445
36 94
36 177
36 238
36 82
36 583
80 253
80 159
80 437
80 496
80 516
483 253
483 159
483 437
483 496
483 516
831 197
831 19
831 212
831 316
831 697
831 923
950 197
950 19
950 212
950 316
950 697
950 923
974 197
974 19
974 212
974 316
974 697
974 923
883 784
883 523
409 140
409 583
409 753
100 437
100 825
397 437
397 825
388 437
388 825
56 437
56 825
443 437
443 825
121 41
121 393
121 594
121 757
565 966
22 880
732 880
438 550
438 675
438 243
438 481
438 571
438 732
537 550
537 675
537 243
537 481
537 571
537 732
746 550
746 675
746 243
746 481
746 571
746 732
37 604
37 870
640 604
640 870
36 604
36 870
871 276
871 716
969 293
999 293
446 293
30 590
30 887
478 573
936 573
253 429
253 1
350 118
363 118
699 118
460 843
59 843
807 843
963 47
43 36
438 471
537 471
746 471
88 471
576 471
329 751
971 448
491 448
670 448
318 267
318 843
318 24
602 267
602 843
602 24
899 138
899 194
899 388
549 90
757 90
249 509
672 509
464 509
473 509
368 589
368 653
368 884
368 219
368 251
781 76
781 366
57 76
57 366
198 76
198 366
636 76
636 366
477 76
477 366
987 76
987 366
114 76
114 366
121 76
121 366
871 756
871 228
871 524
871 655
871 693
136 596
136 651
136 679
136 568
493 224
493 256
978 224
978 256
955 224
955 256
769 322
769 524
769 828
304 294
854 294
948 322
948 254
150 778
325 9
727 9
449 398
637 398
84 398
673 398
926 98
413 596
413 679
753 596
753 679
213 457
213 685
213 766
901 457
901 685
901 766
109 225
109 332
109 520
109 130
109 220
109 235
109 778
109 610
198 225
198 332
198 520
198 130
198 220
198 235
198 778
198 610
775 225
775 332
775 520
775 130
775 220
775 235
775 778
775 610
538 368
538 249
538 826
467 368
467 249
467 826
597 368
597 249
597 826
612 368
612 249
612 826
750 368
750 249
750 826
896 368
896 249
896 826
222 264
222 998
222 27
499 264
499 998
499 27
733 264
733 998
733 27
841 264
841 998
841 27
65 800
65 568
728 800
728 568
60 265
679 891
679 523
499 186
499 247
499 643
617 186
617 247
617 643
830 186
830 247
830 643
805 518
941 518
121 518
350 315
350 601
363 315
363 601
699 315
699 601
470 64
470 85
470 560
470 623
245 67
245 160
846 13
846 662
846 880
802 2
802 461
802 585
605 52
884 52
599 75
599 207
599 557
599 721
699 75
699 207
699 557
699 721
148 75
148 207
148 557
148 721
688 75
688 207
688 557
688 721
20 75
20 207
20 557
20 721
468 75
468 207
468 557
468 721
313 366
313 601
120 721
831 721
864 721
899 435
724 435
948 160
948 867
267 16
267 453
458 16
458 453
713 998
713 443
814 998
814 443
713 552
814 552
386 590
769 160
769 843
467 160
467 843
597 160
597 843
419 335
431 335
626 335
786 335
605 366
884 366
252 118
14 64
14 349
644 64
644 349
68 721
951 721
963 721
928 794
186 110
186 552
407 110
407 552
749 110
749 552
803 455
803 933
519 455
519 933
529 455
529 933
535 455
535 933
875 455
875 933
896 455
896 933
731 455
731 933
789 455
789 933
607 455
607 933
98 455
98 933
831 335
831 277
831 461
890 335
890 277
890 461
288 410
288 348
980 410
980 348
693 720
693 124
693 1000
684 720
684 124
684 1000
615 90
719 90
492 90
323 52
449 296
449 400
449 29
449 640
637 296
637 400
637 29
637 640
80 509
483 509
482 554
953 554
418 554
642 944
816 944
871 944
186 417
407 417
749 417
56 76
146 76
488 76
693 76
684 76
916 726
136 674
136 152
136 619
136 268
136 459
186 674
186 152
186 619
186 268
186 459
186 650
186 741
186 974
427 674
427 152
427 619
427 268
427 459
427 650
427 741
427 974
806 674
806 152
806 619
806 268
806 459
806 650
806 741
806 974
567 120
984 271
984 120
60 988
60 315
60 712
60 842
109 988
109 315
109 712
109 842
109 47
109 285
198 988
198 315
198 712
198 842
198 47
198 285
775 988
775 315
775 712
775 842
775 47
775 285
969 427
805 427
941 427
253 379
438 429
438 379
537 429
537 379
746 429
746 379
294 346
425 601
425 346
172 998
616 998
831 765
864 765
556 859
556 765
31 247
31 893
928 50
928 274
928 247
928 893
831 90
890 90
556 241
556 348
556 90
360 93
360 854
360 893
9 205
9 946
887 192
887 448
887 787
887 205
887 946
918 433
940 433
44 433
526 338
526 553
526 433
877 338
877 553
877 433
65 56
65 177
319 56
319 177
18 56
18 177
18 719
999 56
999 177
999 719
213 56
213 177
213 719
901 56
901 177
901 719
56 946
146 946
488 946
693 946
684 946
100 736
397 736
388 736
56 736
443 736
186 454
186 497
427 454
427 497
806 454
806 497
538 650
538 741
538 974
538 454
538 497
538 987
538 61
538 73
538 672
538 866
538 917
467 650
467 741
467 974
467 454
467 497
467 987
467 61
467 73
467 672
467 866
467 917
597 650
597 741
597 974
597 454
597 497
597 987
597 61
597 73
597 672
597 866
597 917
612 650
612 741
612 974
612 454
612 497
612 987
612 61
612 73
612 672
612 866
612 917
750 650
750 741
750 974
750 454
750 497
750 987
750 61
750 73
750 672
750 866
750 917
896 650
896 741
896 974
896 454
896 497
896 987
896 61
896 73
896 672
896 866
896 917
991 160
991 867
68 160
68 867
59 160
59 867
717 160
717 867
743 160
743 867
866 160
866 867
22 160
22 867
732 160
732 867
846 160
846 867
824 264
824 998
599 264
599 998
699 264
699 998
148 264
148 998
688 264
688 998
20 264
20 998
468 264
468 998
38 136
396 136
888 136
969 136
805 136
941 136
36 966
36 390
36 394
569 966
569 390
569 394
569 94
569 177
687 966
687 390
687 394
687 94
687 177
413 724
753 724
136 386
136 724
616 76
616 366
856 76
856 366
871 76
871 366
249 76
249 366
672 76
672 366
464 76
464 366
473 76
473 366
80 76
80 366
483 76
483 366
887 140
887 583
887 753
499 192
499 448
499 787
499 140
499 583
499 753
499 136
499 162
499 715
617 192
617 448
617 787
617 140
617 583
617 753
617 136
617 162
617 715
830 192
830 448
830 787
830 140
830 583
830 753
830 136
830 162
830 715
541 538
821 538
629 538
325 538
727 538
16 9
16 538
30 9
30 538
368 880
413 118
413 880
753 118
753 880
812 507
812 857
812 560
812 654
449 507
449 857
449 560
449 654
449 171
449 209
637 507
637 857
637 560
637 654
637 171
637 209
493 164
493 729
978 164
978 729
804 164
804 729
812 164
812 729
812 300
60 448
9 61
9 73
9 672
9 866
9 917
9 368
409 61
409 73
409 672
409 866
409 917
409 368
883 583
413 48
753 48
136 48
136 118
984 2
468 2
899 510
899 2
283 262
283 434
283 533
283 164
283 729
882 262
882 434
882 533
882 164
882 729
479 262
479 434
479 533
479 164
479 729
479 300
479 963
514 262
514 434
514 533
514 164
514 729
514 300
514 963
419 447
431 447
626 447
786 447
831 447
890 447
556 335
556 447
56 335
56 447
146 335
146 447
488 335
488 447
438 1
537 1
746 1
80 518
483 518
100 518
397 518
388 518
56 518
443 518
447 319
447 507
447 712
447 577
955 319
955 507
955 712
955 577
335 319
335 507
335 712
335 577
335 18
335 39
335 850
493 319
493 507
493 712
493 577
493 18
493 39
493 850
498 319
498 507
498 712
498 577
498 18
498 39
498 850
713 206
713 293
814 206
814 293
172 206
172 293
172 443
616 206
616 293
616 443
213 437
213 825
213 518
213 736
549 437
549 825
549 518
549 736
757 437
757 825
757 518
757 736
615 437
615 825
615 518
615 736
719 437
719 825
719 518
719 736
492 437
492 825
492 518
492 736
926 196
899 98
899 196
918 549
918 590
940 549
940 590
44 549
44 590
526 242
526 534
526 841
526 549
526 590
877 242
877 534
877 841
877 549
877 590
971 124
971 1000
971 946
971 76
615 124
615 1000
615 946
615 76
719 124
719 1000
719 946
719 76
831 810
831 102
831 191
831 861
831 586
950 810
950 102
950 191
950 861
950 586
974 810
974 102
974 191
974 861
974 586
142 19
142 212
142 316
142 697
142 923
142 810
142 102
142 191
142 861
142 586
556 19
556 212
556 316
556 697
556 923
556 810
556 102
556 191
556 861
556 586
866 19
866 212
866 316
866 697
866 923
866 810
866 102
866 191
866 861
866 586
30 435
180 756
180 944
42 756
42 944
615 756
615 944
136 395
136 936
136 139
413 395
413 936
413 139
753 395
753 936
753 139
186 596
186 651
186 679
186 395
186 936
186 139
427 596
427 651
427 679
427 395
427 936
427 139
806 596
806 651
806 679
806 395
806 936
806 139
615 217
615 886
719 217
719 886
447 124
447 1000
447 217
447 886
955 124
955 1000
955 217
955 886
217 206
217 626
217 966
65 206
65 626
65 966
319 206
319 626
319 966
222 445
499 445
733 445
841 445
824 27
824 445
599 27
599 445
699 27
699 445
148 27
148 445
688 27
688 445
20 27
20 445
468 27
468 445
186 386
427 386
806 386
287 548
287 657
432 548
432 657
728 548
728 657
760 548
760 657
569 238
569 82
569 583
687 238
687 82
687 583
283 94
283 177
283 238
283 82
283 583
882 94
882 177
882 238
882 82
882 583
449 485
449 487
449 300
637 485
637 487
637 300
511 253
511 159
511 437
511 496
511 516
851 253
851 159
851 437
851 496
851 516
901 253
901 159
901 437
901 496
901 516
36 845
569 845
687 845
142 197
556 197
866 197
257 197
257 19
257 212
257 316
257 697
257 923
257 329
257 633
360 197
360 19
360 212
360 316
360 697
360 923
360 329
360 633
368 197
368 19
368 212
368 316
368 697
368 923
368 329
368 633
97 140
97 583
97 753
38 140
38 583
38 753
396 140
396 583
396 753
888 140
888 583
888 753
288 89
288 996
980 89
980 996
309 89
309 996
309 410
447 437
447 825
447 90
955 437
955 825
955 90
831 437
831 825
890 437
890 825
534 437
534 825
534 90
567 437
567 825
567 90
253 437
253 825
253 90
288 437
288 825
288 90
980 437
980 825
980 90
80 41
80 393
80 594
80 757
483 41
483 393
483 594
483 757
511 41
511 393
511 594
511 757
851 41
851 393
851 594
851 757
901 41
901 393
901 594
901 757
827 353
827 683
273 353
273 683
55 966
916 353
916 683
84 243
673 243
317 243
323 243
679 573
335 348
493 348
498 348
217 18
217 39
217 850
217 348
84 550
84 675
84 481
84 571
84 732
673 550
673 675
673 481
673 571
673 732
317 550
317 675
317 481
317 571
317 732
323 550
323 675
323 481
323 571
323 732
705 550
705 675
705 243
705 481
705 571
705 732
705 252
705 388
705 647
572 550
572 675
572 243
572 481
572 571
572 732
572 252
572 388
572 647
121 550
121 675
121 243
121 481
121 571
121 732
121 252
121 388
121 647
42 604
42 870
340 604
340 870
350 604
350 870
985 604
985 870
569 604
569 870
687 604
687 870
493 604
493 870
978 604
978 870
804 604
804 870
283 604
283 870
882 604
882 870
36 965
569 965
687 965
350 880
363 880
699 880
252 880
541 118
541 880
821 118
821 880
272 118
272 880
658 118
658 880
757 118
757 880
860 118
860 880
318 118
318 287
602 118
602 287
470 118
470 287
470 267
493 286
493 748
978 286
978 748
955 286
955 748
786 293
804 160
71 653
403 653
798 653
559 653
296 653
806 653
150 653
460 778
460 653
59 778
59 653
807 778
807 653
318 778
318 653
602 778
602 653
769 778
769 653
467 778
467 653
597 778
597 653
430 823
430 972
459 823
459 972
831 823
831 972
831 881
950 823
950 972
950 881
974 823
974 972
974 881
146 20
368 20
584 20
713 20
413 20
753 20
987 891
987 573
84 429
84 1
673 429
673 1
317 429
317 1
323 429
323 1
835 379
835 579
835 118
559 160
559 867
559 880
368 160
368 867
350 160
350 867
363 160
363 867
699 160
699 867
252 160
252 867
901 800
4 47
36 47
84 471
673 471
317 471
323 471
871 471
705 276
705 716
705 471
572 276
572 716
572 471
121 276
121 716
121 471
193 933
884 751
430 751
459 751
109 107
109 448
198 107
198 448
775 107
775 448
249 225
249 773
249 898
672 225
672 773
672 898
140 225
140 773
140 898
140 250
140 844
368 225
368 773
368 898
368 250
368 844
470 843
470 24
244 85
244 560
244 623
244 267
244 843
244 24
304 138
304 194
304 388
854 138
854 194
854 388
918 138
918 194
918 388
940 138
940 194
940 388
44 138
44 194
44 388
835 137
835 656
812 92
449 737
449 92
637 737
637 92
142 523
556 523
866 523
257 773
257 523
360 773
360 523
368 523
109 653
198 653
775 653
984 348
984 90
468 348
468 90
438 348
438 90
537 348
537 90
746 348
746 90
30 346
140 509
368 509
136 509
413 509
753 509
413 589
413 653
413 884
413 219
413 251
753 589
753 653
753 884
753 219
753 251
136 589
136 653
136 884
136 219
136 251
511 76
511 366
511 509
851 76
851 366
851 509
901 76
901 366
901 509
140 76
140 366
368 76
368 366
705 398
572 398
984 433
468 433
186 568
427 568
806 568
538 596
538 651
538 679
538 568
538 232
538 457
467 596
467 651
467 679
467 568
467 232
467 457
597 596
597 651
597 679
597 568
597 232
597 457
612 596
612 651
612 679
612 568
612 232
612 457
750 596
750 651
750 679
750 568
750 232
750 457
896 596
896 651
896 679
896 568
896 232
896 457
479 627
514 627
43 627
43 300
43 963
43 4
43 41
804 322
804 524
804 828
812 322
812 524
812 828
255 310
737 310
60 310
679 310
987 700
987 310
400 700
400 310
797 700
797 310
805 700
805 310
109 700
109 310
198 700
198 310
775 700
775 310
918 294
940 294
44 294
526 425
526 294
877 425
877 294
846 322
846 254
419 719
431 719
626 719
786 719
831 719
890 719
400 64
797 64
805 64
109 64
198 64
775 64
871 225
871 332
871 520
871 700
871 64
769 225
769 332
769 520
769 700
769 64
180 422
42 422
615 422
493 756
493 422
978 756
978 422
955 756
955 422
926 601
991 222
559 824
559 222
109 265
198 265
775 265
831 468
831 581
831 926
864 468
864 581
864 926
556 468
556 581
556 926
556 899
556 639
556 800
360 241
360 348
360 639
360 800
360 624
360 660
430 366
459 366
222 887
222 9
329 763
304 129
304 791
304 98
854 129
854 791
854 98
824 830
287 522
287 862
287 830
432 522
432 862
432 830
728 522
728 862
728 830
760 522
760 862
760 830
599 186
599 247
599 643
599 136
599 162
599 715
699 186
699 247
699 643
699 136
699 162
699 715
150 186
150 247
150 643
150 136
150 162
150 715
862 186
862 247
862 643
862 136
862 162
862 715
831 457
831 685
831 766
890 457
890 685
890 766
556 457
556 685
556 766
556 277
556 461
413 773
413 329
413 633
753 773
753 329
753 633
9 249
9 826
409 249
409 826
97 368
97 249
97 826
887 368
887 249
887 826
871 130
871 220
871 235
871 610
470 554
244 64
244 554
541 75
541 207
541 557
541 721
541 264
541 998
541 27
821 75
821 207
821 557
821 721
821 264
821 998
821 27
629 75
629 207
629 557
629 721
629 264
629 998
629 27
287 75
287 207
287 557
287 721
287 264
287 998
287 27
432 75
432 207
432 557
432 721
432 264
432 998
432 27
728 75
728 207
728 557
728 721
728 264
728 998
728 27
760 75
760 207
760 557
760 721
760 264
760 998
760 27
899 75
899 207
899 557
899 721
899 264
899 998
899 27
724 75
724 207
724 557
724 721
724 264
724 998
724 27
136 250
136 844
413 250
413 844
753 250
753 844
556 175
705 601
572 601
213 568
901 568
831 568
890 568
871 265
987 523
249 891
249 523
672 891
672 523
255 554
737 554
60 554
400 554
797 554
805 554
109 554
198 554
775 554
541 186
541 247
541 643
821 186
821 247
821 643
629 186
629 247
629 643
325 186
325 247
325 643
727 186
727 247
727 643
831 338
831 553
831 242
831 534
831 841
831 425
864 338
864 553
864 242
864 534
864 841
864 425
193 554
14 554
644 554
705 627
572 627
121 627
80 627
80 252
80 388
80 647
80 276
80 716
483 627
483 252
483 388
483 647
483 276
483 716
511 518
851 518
901 518
760 137
715 137
295 137
309 137
713 402
713 546
713 573
713 137
814 402
814 546
814 573
814 137
186 402
186 546
186 573
186 137
407 402
407 546
407 573
407 137
749 402
749 546
749 573
749 137
541 315
541 601
821 315
821 601
272 315
272 601
658 315
658 601
835 315
835 601
267 78
267 234
267 435
267 727
267 774
458 78
458 234
458 435
458 727
458 774
623 78
623 234
623 435
623 727
623 774
623 16
623 453
809 78
809 234
809 435
809 727
809 774
809 16
809 453
267 522
267 862
267 548
267 657
267 75
267 207
267 557
267 721
458 522
458 862
458 548
458 657
458 75
458 207
458 557
458 721
538 417
538 402
538 546
538 573
538 110
538 552
428 417
428 402
428 546
428 573
428 110
428 552
963 988
4 988
464 2
464 461
464 585
971 720
350 720
363 720
699 720
871 47
871 285
871 107
642 67
642 160
816 67
816 160
180 67
180 160
42 67
42 160
615 67
615 160
918 129
918 791
940 129
940 791
44 129
44 791
430 52
459 52
629 455
629 933
58 455
58 933
292 455
292 933
746 455
746 933
940 455
940 933
484 455
484 933
22 455
22 933
791 455
791 933
73 841
146 841
368 841
584 841
713 841
831 52
950 52
974 52
304 75
304 207
304 557
304 721
304 435
854 75
854 207
854 557
854 721
854 435
30 75
30 207
30 557
30 721
386 75
386 207
386 557
386 721
386 435
318 880
318 824
602 880
602 824
846 346
271 721
556 721
360 721
31 721
9 232
9 457
9 987
409 232
409 457
409 987
918 435
940 435
44 435
454 590
454 435
142 881
556 881
866 881
249 700
672 700
899 550
899 675
304 510
304 550
304 675
854 510
854 550
854 675
769 247
769 305
804 225
804 332
804 520
804 247
804 305
991 16
991 453
172 402
172 546
172 573
172 552
616 402
616 546
616 573
616 552
360 859
360 899
73 590
804 843
812 160
812 843
615 335
719 335
831 366
950 366
974 366
4 721
253 118
824 887
36 721
956 794
567 794
360 167
360 175
884 763
9 110
9 552
84 346
673 346
313 346
705 346
572 346
294 455
294 933
84 455
84 933
673 455
673 933
30 455
30 933
846 455
846 933
350 455
350 933
350 346
363 455
363 933
363 346
699 455
699 933
699 346
313 455
313 933
541 720
541 346
821 720
821 346
272 720
272 346
658 720
658 346
84 348
673 348
317 348
323 348
899 348
360 335
360 277
360 461
360 26
360 217
309 348
713 410
713 348
814 410
814 348
956 50
956 274
60 720
60 124
60 1000
335 90
493 90
498 90
309 90
804 778
470 778
136 773
136 329
136 633
136 880
186 48
186 589
186 653
186 884
186 118
186 219
186 251
186 773
186 329
186 633
186 880
427 48
427 589
427 653
427 884
427 118
427 219
427 251
427 773
427 329
427 633
427 880
806 48
806 589
806 884
806 118
806 219
806 251
806 773
806 329
806 633
806 880
567 50
567 274
984 794
984 50
984 274
60 946
60 76
109 720
109 124
109 1000
109 946
109 76
198 720
198 124
198 1000
198 946
775 720
775 124
775 1000
775 946
775 76
969 140
969 583
969 753
805 140
805 583
805 753
941 140
941 583
941 753
253 880
438 118
438 880
537 118
537 880
746 118
746 880
425 455
425 933
928 721
831 518
831 736
890 518
890 736
556 437
556 825
556 518
556 736
360 765
360 468
360 581
360 926
9 417
9 402
9 546
9 573
887 110
887 552
887 417
887 402
887 546
887 573
65 18
65 39
65 850
65 348
319 18
319 39
319 850
319 348
18 206
18 626
18 966
18 18
18 39
18 850
18 348
999 206
999 626
999 966
999 18
999 39
999 850
999 348
213 206
213 626
213 966
213 18
213 39
213 850
901 206
901 626
901 966
901 18
901 39
901 850
901 348
186 724
427 724
806 724
538 386
538 674
538 152
538 619
538 268
538 459
538 724
538 395
538 936
538 139
538 48
538 118
538 589
538 653
538 884
538 219
538 251
467 386
467 674
467 152
467 619
467 268
467 459
467 724
467 395
467 936
467 139
467 48
467 118
467 589
467 884
467 219
467 251
597 386
597 674
597 152
597 619
597 268
597 459
597 724
597 395
597 936
597 139
597 48
597 118
597 589
597 884
597 219
597 251
612 386
612 674
612 152
612 619
612 268
612 459
612 724
612 395
612 936
612 139
612 48
612 118
612 589
612 653
612 884
612 219
612 251
750 386
750 674
750 152
750 619
750 268
750 459
750 724
750 395
750 936
750 139
750 48
750 118
750 589
750 653
750 884
750 219
750 251
896 386
896 674
896 152
896 619
896 268
896 459
896 724
896 395
896 936
896 139
896 48
896 118
896 589
896 653
896 884
896 219
896 251
38 368
38 249
38 826
396 368
396 249
396 826
888 368
888 249
888 826
969 368
969 249
969 826
805 368
805 249
805 826
941 368
941 249
941 826
36 988
569 47
569 988
687 47
687 988
413 841
753 841
136 20
136 841
887 61
887 73
887 672
887 866
887 917
887 232
887 457
887 987
499 368
499 249
499 826
499 205
499 946
499 61
499 73
499 672
499 866
499 917
499 232
499 457
499 987
499 110
499 552
617 368
617 249
617 826
617 205
617 946
617 61
617 73
617 672
617 866
617 917
617 232
617 457
617 987
617 110
617 552
830 368
830 249
830 826
830 205
830 946
830 61
830 73
830 672
830 866
830 917
830 232
830 457
830 987
830 110
830 552
541 136
541 162
541 715
821 136
821 162
821 715
629 136
629 162
629 715
325 136
325 162
325 715
727 136
727 162
727 715
16 186
16 247
16 643
16 136
16 162
16 715
30 186
30 247
30 643
30 136
30 162
30 715
413 160
413 867
753 160
753 867
812 778
449 160
449 843
449 778
637 160
637 843
637 778
812 604
812 870
9 650
9 741
9 974
9 454
9 497
9 674
9 152
9 619
9 268
9 459
9 386
9 651
9 596
9 679
409 650
409 741
409 974
409 454
409 497
409 674
409 152
409 619
409 268
409 459
409 386
409 651
409 596
409 679
136 160
136 867
283 966
283 390
283 394
283 845
283 965
882 966
882 390
882 394
882 845
882 965
479 94
479 177
479 238
479 82
479 583
479 604
479 870
479 966
479 390
479 394
479 845
479 965
514 94
514 177
514 238
514 82
514 583
514 604
514 870
514 966
514 390
514 394
514 845
514 965
419 56
419 177
431 56
431 177
626 56
626 177
786 56
786 177
831 56
831 177
890 56
890 177
556 719
556 56
556 177
56 719
56 56
56 177
146 719
146 56
146 177
488 719
488 56
488 177
447 946
447 76
447 335
955 946
955 76
955 335
335 124
335 1000
335 217
335 886
335 946
335 76
335 335
493 124
493 1000
493 217
493 886
493 946
493 76
493 335
498 124
498 1000
498 217
498 886
498 946
498 76
498 335
713 89
713 996
713 90
814 89
814 996
814 90
172 410
172 348
172 89
172 996
172 90
616 410
616 348
616 89
616 996
616 90
926 346
899 601
899 346
918 510
918 550
918 675
918 75
918 207
918 557
918 721
940 510
940 550
940 675
940 75
940 207
940 557
940 721
44 510
44 550
44 675
44 75
44 207
44 557
44 721
526 138
526 194
526 388
526 435
526 510
526 550
526 675
526 75
526 207
526 557
877 138
877 194
877 388
877 435
877 510
877 550
877 675
877 75
877 207
877 557
877 721
142 366
142 52
556 366
556 52
866 366
866 52
30 264
30 998
30 27
136 225
136 898
136 76
136 366
413 225
413 898
413 76
413 366
753 225
753 898
753 76
753 366
186 250
186 844
186 509
186 225
186 898
186 76
186 366
427 250
427 844
427 509
427 225
427 898
427 76
427 366
806 250
806 844
806 509
806 225
806 898
806 76
806 366
615 447
719 447
447 447
955 447
217 319
217 507
217 712
217 577
217 90
65 319
65 507
65 712
65 577
65 90
319 319
319 507
319 712
319 577
319 90
186 20
427 20
806 20
569 721
687 721
283 47
283 721
882 47
882 721
449 164
449 729
449 604
449 870
637 164
637 729
637 604
637 870
511 627
511 252
511 388
511 647
511 276
511 716
851 627
851 252
851 388
851 647
851 276
851 716
901 627
901 252
901 388
901 647
901 276
901 716
142 823
142 972
556 823
556 972
866 823
866 972
257 881
257 810
257 102
257 191
257 586
257 823
257 972
257 52
257 366
360 881
360 810
360 102
360 191
360 861
360 586
360 823
360 972
360 52
360 366
368 881
368 810
368 102
368 191
368 861
368 586
368 823
368 972
368 52
97 61
97 73
97 672
97 866
97 917
97 232
97 457
97 987
38 61
38 73
38 672
38 866
38 917
38 232
38 457
38 987
396 61
396 73
396 672
396 866
396 917
396 232
396 457
396 987
888 61
888 73
888 672
888 866
888 917
888 232
888 457
888 987
447 518
447 736
955 518
955 736
534 518
534 736
567 518
567 736
253 518
253 736
288 518
288 736
980 518
980 736
80 550
80 675
80 243
80 481
80 571
80 732
80 471
483 550
483 675
483 243
483 481
483 571
483 732
483 471
511 550
511 675
511 243
511 481
511 571
511 732
511 471
851 550
851 675
851 243
851 481
851 571
851 732
851 471
901 550
901 675
901 243
901 481
901 571
901 732
901 471
335 437
335 825
493 437
493 825
498 437
498 825
217 124
217 1000
217 217
217 886
217 437
217 825
84 379
84 90
673 379
673 90
317 379
317 90
323 379
323 90
705 429
705 1
705 348
705 379
705 90
572 429
572 1
572 348
572 379
572 90
121 429
121 1
121 348
121 379
121 90
541 160
541 867
821 160
821 867
272 160
272 867
658 160
658 867
757 160
757 867
860 160
860 867
318 160
318 867
318 222
602 160
602 867
602 222
470 880
470 824
470 160
470 867
470 222
493 944
493 67
493 160
978 944
978 67
978 160
955 944
955 67
955 160
430 763
459 763
831 751
831 763
950 751
950 763
974 751
974 763
146 590
368 590
584 590
713 590
413 590
753 590
84 118
673 118
317 118
323 118
835 880
835 160
835 867
249 310
249 573
672 310
672 573
140 700
140 891
140 523
140 310
140 573
368 700
368 891
368 310
368 573
470 653
244 778
244 118
244 287
244 653
244 880
244 824
304 2
304 348
854 2
854 348
918 2
918 348
940 2
940 348
44 2
44 348
835 720
835 346
812 225
812 332
812 520
812 247
812 305
449 322
449 524
449 828
449 225
449 332
449 520
449 247
449 305
637 322
637 524
637 828
637 225
637 332
637 520
637 247
637 305
984 437
984 825
984 518
984 736
468 437
468 825
468 518
468 736
438 437
438 825
438 518
438 736
537 437
537 825
537 518
537 736
746 437
746 825
746 518
746 736
413 523
413 197
413 19
413 212
413 316
413 697
413 923
753 523
753 197
753 19
753 212
753 316
753 697
753 923
136 523
136 197
136 19
136 212
136 316
136 697
136 923
538 250
538 844
538 509
467 250
467 844
467 509
597 250
597 844
597 509
612 250
612 844
612 509
750 250
750 844
750 509
896 250
896 844
896 509
43 262
43 434
43 533
43 164
43 729
43 94
43 177
43 238
43 82
43 583
43 604
43 870
804 700
804 64
812 700
812 64
918 98
940 98
44 98
526 129
526 791
526 98
877 129
877 791
877 98
419 206
419 626
419 966
431 206
431 626
431 966
626 206
626 626
626 966
786 206
786 626
786 966
831 206
831 626
831 966
890 206
890 626
890 966
871 554
871 310
769 554
769 310
926 455
926 933
991 78
991 234
991 435
991 727
991 774
559 16
559 453
559 78
559 234
559 435
559 727
559 774
831 433
831 549
831 590
831 294
864 433
864 549
864 590
864 294
556 338
556 553
556 242
556 534
556 841
556 425
556 433
556 549
556 590
556 294
360 90
360 437
360 825
222 538
222 186
222 247
222 643
304 196
304 601
854 196
854 601
824 9
287 887
287 9
432 887
432 9
728 887
728 9
760 887
760 9
599 192
599 448
599 787
599 140
599 583
599 753
599 205
599 946
599 368
599 249
599 826
699 192
699 448
699 787
699 140
699 583
699 753
699 205
699 946
699 368
699 249
699 826
150 192
150 448
150 787
150 140
150 583
150 753
150 205
150 946
150 368
150 249
150 826
862 192
862 448
862 787
862 140
862 583
862 753
862 205
862 946
862 368
862 249
862 826
556 568
413 881
413 810
413 102
413 191
413 861
413 586
753 881
753 810
753 102
753 191
753 861
753 586
9 568
409 568
97 650
97 741
97 974
97 454
97 497
97 596
97 651
97 679
97 568
887 650
887 741
887 974
887 454
887 497
887 596
887 651
887 679
887 568
871 988
871 315
871 712
871 842
871 448
541 445
821 445
629 445
287 445
432 445
728 445
760 445
899 445
724 445
136 700
136 891
413 700
413 891
753 700
753 891
705 455
705 933
572 455
572 933
541 192
541 448
541 787
541 140
541 583
541 753
821 192
821 448
821 787
821 140
821 583
821 753
629 192
629 448
629 787
629 140
629 583
629 753
325 192
325 448
325 787
325 140
325 753
727 192
727 448
727 787
727 140
727 583
727 753
831 129
831 791
831 138
831 194
831 388
831 435
864 129
864 791
864 138
864 194
864 388
864 435
80 348
80 429
80 1
483 348
483 429
483 1
541 455
541 933
821 455
821 933
272 455
272 933
658 455
658 933
835 455
835 933
267 830
267 264
267 998
267 27
458 830
458 264
458 998
458 27
623 522
623 862
623 548
623 657
623 75
623 207
623 557
623 721
623 830
623 264
623 998
623 27
809 522
809 862
809 548
809 657
809 75
809 207
809 557
809 721
809 830
809 264
809 998
809 27
267 887
267 445
458 887
458 445
538 137
428 137
871 720
871 124
871 1000
918 196
940 196
44 196
73 435
146 435
368 435
584 435
713 435
304 264
304 998
304 27
304 445
854 264
854 998
854 27
854 445
30 445
386 264
386 998
386 27
386 445
318 16
318 453
602 16
602 453
9 395
9 936
9 139
409 395
409 936
409 139
918 264
918 998
918 27
940 264
940 998
940 27
44 264
44 998
44 27
454 75
454 207
454 557
454 721
454 264
454 998
454 27
142 751
556 751
866 751
899 90
304 90
854 90
804 310
804 554
991 522
991 862
991 548
991 657
991 75
991 207
991 557
991 721
172 137
616 137
360 338
360 553
360 242
360 534
360 841
360 425
73 75
73 207
73 557
73 721
804 653
812 653
615 719
719 719
253 160
253 867
824 538
956 247
956 893
567 247
567 893
9 137
84 437
673 437
673 825
317 825
323 437
323 825
899 437
899 825
360 447
360 457
360 685
360 766
360 719
360 568
309 437
309 825
713 437
713 825
814 437
814 825
956 721
335 518
335 736
493 518
493 736
498 518
498 736
309 518
309 736
499 417
617 417
830 417
538 773
538 329
538 633
538 880
467 773
467 329
467 633
467 880
597 773
597 329
597 633
597 880
612 773
612 329
612 633
612 880
750 773
750 329
750 633
750 880
896 773
896 329
896 633
896 880
9 48
9 589
9 653
9 884
9 118
9 219
9 251
9 773
9 329
9 633
9 880
409 48
409 589
409 653
409 884
409 118
409 219
409 251
409 773
409 329
409 633
409 880
887 48
887 589
887 653
887 884
887 118
887 219
887 251
887 773
887 329
887 633
887 880
887 674
887 152
887 619
887 268
887 459
499 48
499 589
499 653
499 884
499 118
499 219
499 251
499 773
499 329
499 633
499 880
499 674
499 152
499 619
499 268
499 459
499 650
499 741
499 974
617 48
617 589
617 884
617 118
617 219
617 251
617 773
617 329
617 633
617 880
617 674
617 152
617 619
617 268
617 459
617 650
617 741
617 974
830 48
830 589
830 653
830 884
830 118
830 219
830 251
830 773
830 329
830 633
830 880
830 674
830 152
830 619
830 268
830 459
830 650
830 741
830 974
97 48
97 589
97 653
97 884
97 118
97 219
97 251
97 773
97 329
97 633
97 880
97 674
97 152
97 619
97 268
97 459
38 48
38 589
38 653
38 884
38 118
38 219
38 251
38 773
38 329
38 633
38 880
38 674
38 152
38 619
38 268
38 459
38 650
38 741
38 974
396 48
396 589
396 653
396 884
396 118
396 219
396 251
396 773
396 329
396 633
396 880
396 674
396 152
396 619
396 268
396 459
396 650
396 741
396 974
888 48
888 589
888 653
888 884
888 118
888 219
888 251
888 773
888 329
888 633
888 880
888 674
888 152
888 619
888 268
888 459
888 650
888 741
888 974
871 946
360 518
360 736
360 433
217 946
186 160
186 867
427 160
427 867
806 867
438 160
438 867
537 160
537 867
746 160
746 867
244 160
244 867
283 988
882 988
479 47
479 988
514 47
514 988
43 966
43 390
43 394
43 47
43 988
186 841
427 841
806 841
538 20
538 841
467 20
467 841
597 20
597 841
612 20
612 841
750 20
750 841
896 20
896 841
9 724
9 20
9 841
409 724
409 20
409 841
97 386
97 724
97 20
97 841
887 386
887 724
887 20
887 841
599 61
599 73
599 672
599 866
599 917
599 232
599 457
599 987
599 110
599 552
699 61
699 73
699 672
699 866
699 917
699 232
699 457
699 987
699 110
699 552
150 61
150 73
150 672
150 866
150 917
150 232
150 457
150 987
150 110
150 552
862 61
862 73
862 672
862 866
862 917
862 232
862 457
862 987
862 110
862 552
541 368
541 249
541 826
541 205
541 946
541 61
541 73
541 672
541 866
541 917
541 232
541 457
541 987
541 110
541 552
821 368
821 249
821 826
821 205
821 946
821 61
821 73
821 672
821 866
821 917
821 232
821 457
821 987
821 110
821 552
629 368
629 249
629 826
629 205
629 946
629 61
629 73
629 672
629 866
629 917
629 232
629 457
629 987
629 110
629 552
325 368
325 249
325 826
325 205
325 946
325 61
325 73
325 672
325 866
325 917
325 232
325 457
325 987
325 110
325 552
727 368
727 249
727 826
727 205
727 946
727 61
727 73
727 672
727 866
727 917
727 232
727 457
727 987
727 110
727 552
16 368
16 249
16 826
16 205
16 946
16 61
16 73
16 672
16 866
16 917
16 232
16 457
16 987
16 110
16 552
16 192
16 448
16 787
16 140
16 583
16 753
30 368
30 249
30 826
30 205
30 946
30 61
30 73
30 672
30 866
30 917
30 232
30 457
30 987
30 110
30 552
30 192
30 448
30 787
30 140
30 583
30 753
222 368
222 249
222 826
222 205
222 946
222 61
222 73
222 672
222 866
222 917
222 232
222 457
222 987
222 110
222 552
222 192
222 448
222 787
222 140
222 583
222 753
222 136
222 162
222 715
499 454
499 497
499 386
499 651
499 596
499 679
617 454
617 497
617 386
617 651
617 596
617 679
830 454
830 497
830 386
830 651
830 596
830 679
38 454
38 497
38 386
38 651
38 596
38 679
396 454
396 497
396 386
396 651
396 596
396 679
888 454
888 497
888 386
888 651
888 596
888 679
969 650
969 741
969 974
969 454
969 497
969 987
969 674
969 152
969 619
969 232
969 268
969 459
969 386
969 651
969 596
969 679
969 61
969 73
969 672
969 866
969 917
805 650
805 741
805 974
805 454
805 497
805 987
805 674
805 152
805 619
805 232
805 268
805 459
805 386
805 651
805 596
805 679
805 61
805 73
805 672
805 866
805 917
941 650
941 741
941 974
941 454
941 497
941 987
941 674
941 152
941 619
941 232
941 268
941 459
941 386
941 651
941 596
941 679
941 61
941 73
941 672
941 866
941 917
599 650
599 741
599 974
599 454
599 497
599 674
599 152
599 619
599 268
599 459
599 386
599 651
599 596
599 679
699 650
699 741
699 974
699 454
699 497
699 674
699 152
699 619
699 268
699 459
699 386
699 651
699 596
699 679
150 650
150 741
150 974
150 454
150 497
150 674
150 152
150 619
150 268
150 459
150 386
150 651
150 596
150 679
862 650
862 741
862 974
862 454
862 497
862 674
862 152
862 619
862 268
862 459
862 386
862 651
862 596
862 679
541 650
541 741
541 974
541 454
541 497
541 674
541 152
541 619
541 268
541 459
541 386
541 651
541 596
541 679
821 650
821 741
821 974
821 454
821 497
821 674
821 152
821 619
821 268
821 459
821 386
821 651
821 596
821 679
629 650
629 741
629 974
629 454
629 497
629 674
629 152
629 619
629 268
629 459
629 386
629 651
629 596
629 679
325 650
325 741
325 974
325 454
325 497
325 674
325 152
325 619
325 268
325 459
325 386
325 651
325 596
325 679
727 650
727 741
727 974
727 454
727 497
727 674
727 152
727 619
727 268
727 459
727 386
727 651
727 596
727 679
615 177
955 719
955 177
360 56
360 177
526 2
877 2
831 510
831 2
864 510
864 2
217 518
84 518
673 518
323 518
899 518
713 518
814 518
217 76
65 124
65 1000
65 886
65 946
65 76
319 124
319 1000
319 946
319 76
18 577
999 507
999 712
999 577
999 124
999 1000
999 946
999 76
213 319
213 507
213 712
213 577
213 124
213 1000
213 886
213 946
213 76
901 319
901 507
901 712
901 577
901 124
901 1000
901 886
901 946
419 577
419 39
419 850
431 577
431 39
431 850
786 507
786 712
786 577
786 18
786 39
786 850
786 124
786 1000
786 946
786 76
831 319
831 507
831 712
831 577
831 18
831 39
831 850
831 124
831 1000
831 886
831 946
831 76
890 319
890 507
890 712
890 577
890 18
890 39
890 850
890 124
890 1000
890 886
890 946
890 76
713 736
814 736
172 437
172 825
172 518
172 736
616 437
616 825
616 518
616 736
217 736
65 437
65 825
65 518
65 736
319 437
319 825
319 518
319 736
673 736
317 736
323 736
705 437
705 518
572 437
572 825
572 518
572 736
121 825
121 736
899 736
304 437
304 825
304 518
304 736
854 437
854 825
854 518
854 736
831 550
831 675
831 75
831 207
831 557
864 550
864 675
864 75
864 207
864 557
556 138
556 194
556 388
556 435
556 510
556 550
556 675
556 75
556 207
556 557
360 138
360 194
360 388
360 435
360 510
360 550
360 675
360 75
360 207
360 557
360 549
360 590
538 225
538 898
538 76
538 366
467 225
467 898
467 76
467 366
597 225
597 898
597 76
597 366
612 225
612 898
612 76
612 366
750 225
750 898
750 76
750 366
896 225
896 898
896 76
896 366
9 250
9 844
9 509
9 225
9 898
9 76
9 366
409 250
409 844
409 509
409 225
409 898
409 76
409 366
887 250
887 844
887 509
887 225
887 898
887 76
887 366
887 395
887 936
887 139
499 250
499 844
499 509
499 225
499 898
499 76
499 366
499 395
499 936
499 139
617 250
617 844
617 509
617 225
617 898
617 76
617 366
617 395
617 936
617 139
830 250
830 844
830 509
830 225
830 898
830 76
830 366
830 395
830 936
830 139
97 250
97 844
97 509
97 225
97 898
97 76
97 366
97 395
97 936
97 139
38 250
38 844
38 509
38 225
38 898
38 76
38 366
38 395
38 936
38 139
396 250
396 844
396 509
396 225
396 898
396 76
396 366
396 395
396 936
396 139
888 250
888 844
888 509
888 225
888 898
888 76
888 366
888 395
888 936
888 139
18 90
999 90
901 90
419 348
419 90
431 348
431 90
626 348
626 90
786 348
786 90
556 18
556 39
556 850
556 319
556 507
556 712
556 577
556 206
556 626
556 966
56 966
146 39
146 850
146 348
146 577
146 90
146 206
146 626
146 966
488 39
488 850
488 348
488 577
488 90
488 206
488 626
488 966
615 966
360 18
360 39
360 850
360 319
360 507
360 712
360 577
360 206
360 626
360 966
499 724
499 20
617 724
617 20
830 724
830 20
38 724
38 20
396 724
396 20
888 724
888 20
43 845
136 573
413 573
753 573
18 437
18 825
999 437
999 825
901 825
419 437
419 825
431 437
431 825
626 437
626 825
786 437
786 825
556 124
556 1000
556 886
146 437
146 825
488 437
488 825
479 721
514 721
43 965
43 721
244 222
449 653
637 653
142 763
556 763
866 763
257 751
257 763
360 751
360 763
368 751
368 763
413 823
413 972
413 751
413 763
753 823
753 972
753 751
753 763
136 823
136 972
136 881
136 751
136 763
136 590
186 590
427 590
806 590
538 590
467 590
597 590
612 590
750 590
896 590
9 590
409 590
538 160
538 867
467 867
597 867
612 160
612 867
750 160
750 867
896 160
896 867
84 160
84 867
84 880
673 160
673 867
673 880
317 160
317 867
317 880
323 160
323 867
323 880
136 310
413 310
753 310
186 700
186 891
186 523
186 310
427 700
427 891
427 523
427 310
427 573
806 700
806 891
806 523
806 310
806 573
538 700
538 891
538 523
538 310
467 700
467 891
467 523
467 310
467 573
597 700
597 891
597 523
597 310
597 573
612 700
612 891
612 523
612 310
612 573
750 700
750 891
750 523
750 310
750 573
896 700
896 891
896 523
896 310
896 573
9 700
9 891
9 523
9 310
409 700
409 891
409 523
409 310
409 573
812 310
449 700
449 310
637 700
637 310
955 966
812 554
449 64
449 554
637 64
637 554
899 455
899 933
304 346
304 455
304 933
854 346
854 455
854 933
918 346
918 455
918 933
918 601
44 346
44 455
44 933
44 601
526 346
526 455
526 933
526 196
526 601
877 346
877 455
877 933
877 196
877 601
318 78
318 234
318 435
318 727
318 774
602 78
602 234
602 435
602 727
602 774
470 16
470 453
470 78
470 234
470 435
470 727
470 774
244 16
244 453
244 78
244 234
244 435
244 727
244 774
360 294
136 810
984 247
824 192
824 448
824 787
824 140
824 583
824 753
824 205
824 946
824 368
824 249
824 826
824 186
824 247
824 643
824 136
824 162
824 715
267 9
458 9
623 887
623 9
809 887
809 9
991 830
991 887
991 9
559 522
559 862
559 830
559 887
559 9
136 102
136 191
136 861
136 586
186 197
186 19
186 212
186 316
186 697
186 923
186 881
186 810
186 102
186 191
186 861
186 586
427 197
427 19
427 212
427 316
427 697
427 923
427 881
427 810
427 102
427 191
427 861
427 586
806 197
806 19
806 212
806 316
806 697
806 923
806 881
806 810
806 102
806 191
806 861
806 586
538 197
538 19
538 212
538 316
538 697
538 923
538 881
538 810
538 102
538 191
538 861
538 586
467 197
467 19
467 212
467 316
467 697
467 923
467 881
467 810
467 102
467 191
467 861
467 586
597 197
597 19
597 212
597 316
597 697
597 923
597 881
597 810
597 102
597 191
597 861
597 586
612 197
612 19
612 212
612 316
612 697
612 923
612 881
612 810
612 102
612 191
612 861
612 586
750 197
750 19
750 212
750 316
750 697
750 923
750 881
750 810
750 102
750 191
750 861
750 586
896 197
896 19
896 212
896 316
896 697
896 923
896 881
896 810
896 102
896 191
896 861
896 586
9 197
9 19
9 212
9 316
9 697
9 923
9 881
9 810
9 102
9 191
9 861
9 586
409 197
409 19
409 212
409 316
409 697
409 923
409 881
409 810
409 102
409 191
409 861
409 586
97 700
97 891
97 523
887 700
887 891
887 523
991 264
991 998
991 27
559 548
559 657
559 75
559 207
559 557
559 721
559 264
559 998
559 27
318 522
318 862
318 548
318 657
318 75
318 207
318 557
318 721
318 830
318 264
318 998
318 27
602 522
602 862
602 548
602 657
602 75
602 207
602 557
602 721
602 830
602 264
602 998
602 27
470 522
470 862
470 548
470 657
470 75
470 207
470 557
470 721
470 830
470 264
470 998
470 27
556 129
556 791
360 129
360 791
511 348
511 429
511 1
851 348
851 429
851 1
901 429
901 1
887 137
499 402
499 546
499 573
499 137
617 402
617 546
617 573
617 137
830 402
830 546
830 573
830 137
623 445
809 445
991 445
559 445
318 887
318 445
602 887
602 445
599 417
599 402
599 546
599 573
599 137
699 417
699 402
699 546
699 573
150 417
150 402
150 546
150 573
150 137
862 417
862 402
862 546
862 573
862 137
831 98
831 196
864 98
864 196
556 98
556 196
360 98
360 196
413 435
753 435
136 435
186 435
427 435
806 435
538 435
467 435
597 435
612 435
750 435
896 435
499 568
617 568
830 568
38 568
396 568
888 568
969 568
969 395
969 936
969 139
969 457
805 568
805 395
805 936
805 139
805 457
941 568
941 395
941 936
941 139
941 457
599 568
599 395
599 936
599 139
699 568
699 395
699 936
699 139
150 568
150 395
150 936
150 139
862 568
862 395
862 936
862 139
541 568
541 395
541 936
541 139
821 568
821 395
821 936
821 139
629 568
629 395
629 936
629 139
325 568
325 395
325 936
325 139
727 568
727 395
727 936
727 139
186 823
186 972
186 751
427 823
427 972
427 751
806 823
806 972
806 751
918 90
940 90
44 90
526 348
526 90
877 348
877 90
864 348
864 90
556 2
287 538
432 538
728 538
760 538
267 538
458 538
623 538
809 538
991 538
918 445
940 445
44 445
454 445
567 721
918 437
918 825
940 437
940 825
44 437
44 825
80 90
80 825
483 90
483 825
526 437
526 825
877 437
877 825
511 90
511 825
851 90
851 825
864 437
864 825
984 893
984 721
705 118
705 880
572 118
572 880
121 118
121 880
80 379
80 118
80 880
483 379
483 118
483 880
511 379
511 118
511 880
851 379
851 118
851 880
901 379
901 118
901 880
541 417
541 402
541 546
541 573
821 417
821 402
821 546
821 573
629 417
629 402
629 546
629 573
325 417
325 402
325 546
325 573
727 417
727 402
727 546
727 573
16 417
16 402
16 546
16 573
30 417
30 402
30 546
30 573
969 724
969 48
969 118
969 589
969 653
969 884
969 219
969 251
805 724
805 48
805 118
805 589
805 653
805 884
805 219
805 251
941 724
941 48
941 118
941 589
941 653
941 884
941 219
941 251
599 724
599 48
599 118
599 589
599 653
599 884
599 219
599 251
699 724
699 48
699 589
699 653
699 884
699 219
699 251
150 724
150 48
150 118
150 589
150 884
150 219
150 251
862 724
862 48
862 118
862 589
862 653
862 884
862 219
862 251
526 264
526 998
877 264
877 998
73 264
73 998
287 186
287 247
287 643
287 136
287 162
287 715
432 186
432 247
432 643
432 136
432 162
432 715
728 186
728 247
728 643
728 136
728 162
728 715
760 186
760 247
760 643
760 136
760 162
760 715
267 186
267 247
267 643
267 136
267 162
267 715
458 186
458 247
458 643
458 136
458 162
458 715
9 160
9 867
409 160
409 867
97 160
97 867
887 160
887 867
831 601
831 346
864 601
864 346
413 52
753 52
136 52
186 52
427 52
806 52
526 27
526 445
877 27
877 445
73 27
73 445
538 823
538 972
538 52
467 823
467 972
467 52
597 823
597 972
597 52
612 823
612 972
612 52
750 823
750 972
750 52
896 972
896 52
18 518
18 736
999 518
999 736
901 736
918 518
918 736
940 518
940 736
44 518
44 736
80 736
483 736
705 160
705 867
572 160
572 867
121 160
121 867
360 2
526 518
526 736
877 518
877 736
511 736
851 736
97 197
97 19
97 212
97 316
97 697
97 923
887 197
887 19
887 212
887 316
887 697
887 923
969 250
969 844
969 509
805 250
805 844
805 509
941 250
941 844
941 509
599 250
599 844
599 509
699 250
699 844
699 509
150 250
150 844
150 509
862 250
862 844
862 509
623 186
623 247
623 643
809 186
809 247
809 643
556 601
16 650
16 741
16 974
16 454
16 497
16 596
16 651
16 679
16 568
30 650
30 741
30 974
30 454
30 497
30 596
30 651
30 679
30 568
831 264
831 998
831 27
831 445
864 264
864 998
864 27
864 445
146 75
146 207
146 557
146 721
146 264
146 998
146 27
146 445
368 75
368 207
368 557
368 721
368 264
368 998
368 27
368 445
584 75
584 207
584 557
584 721
584 264
584 998
584 27
584 445
713 75
713 207
713 557
713 721
713 264
713 27
713 445
287 192
287 448
287 787
287 140
287 583
287 753
432 192
432 448
432 787
432 140
432 583
432 753
728 192
728 448
728 787
728 140
728 583
728 753
760 192
760 448
760 787
760 140
760 583
760 753
413 75
413 207
413 557
413 721
413 264
413 998
413 27
413 445
753 75
753 207
753 557
753 721
753 264
753 998
753 27
753 445
556 264
556 998
556 27
556 445
136 75
136 207
136 557
136 721
136 264
136 998
136 27
360 264
360 998
360 27
244 522
244 862
244 548
244 657
244 75
244 207
244 557
244 721
186 75
186 207
186 557
186 721
427 75
427 207
427 557
427 721
806 75
806 207
806 557
806 721
80 160
80 867
483 160
483 867
629 137
325 137
727 137
419 518
419 736
431 518
431 736
626 518
626 736
786 518
786 736
538 751
467 751
597 751
612 751
750 751
9 52
9 823
9 972
9 751
409 52
409 823
409 972
409 751
887 810
887 102
887 191
887 861
887 586
887 881
887 52
887 823
887 972
887 751
499 160
499 867
499 19
499 212
499 316
499 697
499 923
499 810
499 102
499 191
499 861
499 586
499 197
499 523
499 881
499 52
499 823
499 972
499 751
617 160
617 867
617 19
617 212
617 316
617 697
617 923
617 810
617 102
617 191
617 861
617 586
617 197
617 523
617 881
617 52
617 823
617 972
617 751
830 160
830 867
830 19
830 212
830 316
830 697
830 923
830 810
830 102
830 191
830 861
830 586
830 197
830 523
830 881
830 52
830 823
830 972
830 751
97 810
97 102
97 191
97 861
97 586
97 881
97 52
97 823
97 972
97 751
38 160
38 867
38 19
38 212
38 316
38 697
38 923
38 810
38 102
38 191
38 861
38 586
38 197
38 523
38 881
38 52
38 823
38 972
38 751
396 160
396 867
396 19
396 212
396 316
396 697
396 923
396 810
396 102
396 191
396 861
396 586
396 197
396 523
396 881
396 52
396 823
396 972
396 751
888 160
888 867
888 19
888 212
888 316
888 697
888 923
888 810
888 102
888 191
888 861
888 586
888 197
888 523
888 881
888 52
888 823
888 972
888 751
186 264
186 998
186 27
427 264
427 998
427 27
806 264
806 998
806 27
538 75
538 207
538 557
538 721
538 264
538 998
538 27
467 75
467 207
467 557
467 721
467 264
467 998
467 27
597 75
597 207
597 557
597 721
597 264
597 998
597 27
612 75
612 207
612 557
612 721
612 264
612 998
612 27
750 75
750 207
750 557
750 721
750 264
750 998
750 27
896 75
896 207
896 557
896 721
896 264
896 998
896 27
9 435
9 75
9 207
9 557
9 721
9 264
9 998
9 27
409 435
409 75
409 207
409 557
409 721
409 264
409 998
409 27
97 590
97 435
97 75
97 207
97 557
97 721
97 264
97 998
97 27
887 590
887 435
887 75
887 207
887 557
887 721
887 264
887 998
887 27
599 773
599 329
599 633
599 880
599 225
599 898
599 76
599 366
599 20
699 773
699 329
699 633
699 225
699 898
699 76
699 366
699 20
150 773
150 329
150 633
150 880
150 225
150 898
150 76
150 366
150 20
862 773
862 329
862 633
862 880
862 225
862 898
862 76
862 366
862 20
541 48
541 589
541 653
541 884
541 219
541 251
541 773
541 329
541 633
541 724
541 250
541 844
541 509
541 225
541 898
541 76
541 366
541 20
821 48
821 589
821 653
821 884
821 219
821 251
821 773
821 329
821 633
821 724
821 250
821 844
821 509
821 225
821 898
821 76
821 366
821 20
629 48
629 589
629 653
629 884
629 118
629 219
629 251
629 773
629 329
629 633
629 880
629 724
629 250
629 844
629 509
629 225
629 898
629 76
629 366
629 20
325 48
325 589
325 653
325 884
325 118
325 219
325 251
325 773
325 329
325 633
325 880
325 724
325 250
325 844
325 509
325 225
325 898
325 76
325 366
325 20
727 48
727 589
727 653
727 884
727 118
727 219
727 251
727 773
727 329
727 633
727 880
727 724
727 250
727 844
727 509
727 225
727 898
727 76
727 366
727 20
16 674
16 152
16 619
16 268
16 459
16 395
16 936
16 139
16 386
16 137
16 48
16 589
16 653
16 884
16 118
16 219
16 251
16 773
16 329
16 633
16 880
16 724
16 250
16 844
16 509
16 225
16 898
16 76
16 366
16 20
30 674
30 152
30 619
30 268
30 459
30 395
30 936
30 139
30 386
30 137
30 48
30 589
30 653
30 884
30 118
30 219
30 251
30 773
30 329
30 633
30 880
30 724
30 250
30 844
30 509
30 225
30 898
30 76
30 366
30 20
222 417
222 674
222 152
222 619
222 268
222 459
222 650
222 741
222 974
222 454
222 497
222 596
222 651
222 679
222 395
222 936
222 139
222 386
222 568
222 402
222 546
222 573
222 137
222 48
222 589
222 653
222 884
222 118
222 219
222 251
222 773
222 329
222 633
222 880
222 724
222 250
222 844
222 509
222 225
222 898
222 76
222 366
222 20
499 841
499 700
499 891
617 841
617 590
617 700
617 891
830 841
830 590
830 700
830 891
38 841
38 590
38 700
38 891
396 841
396 590
396 700
396 891
888 841
888 590
888 700
888 891
969 880
969 20
969 773
969 329
969 633
969 841
969 160
969 867
969 225
969 76
969 366
969 590
969 523
969 197
969 19
969 212
969 316
969 697
969 923
969 881
969 810
969 102
969 191
969 861
969 586
969 700
805 880
805 20
805 773
805 329
805 633
805 841
805 160
805 867
805 898
805 76
805 366
805 590
805 523
805 197
805 19
805 212
805 316
805 697
805 923
805 881
805 810
805 102
805 191
805 861
805 586
805 891
941 880
941 20
941 773
941 329
941 633
941 841
941 160
941 867
941 225
941 898
941 76
941 366
941 590
941 523
941 197
941 19
941 212
941 316
941 697
941 923
941 881
941 810
941 102
941 191
941 861
941 586
941 700
941 891
599 841
599 160
599 867
599 523
599 197
599 19
599 212
599 316
599 697
599 923
599 881
599 810
599 102
599 191
599 861
599 586
599 700
599 891
699 841
699 523
699 197
699 19
699 212
699 316
699 697
699 923
699 881
699 810
699 102
699 191
699 861
699 586
699 700
699 891
150 841
150 160
150 867
150 590
150 523
150 197
150 19
150 212
150 316
150 697
150 923
150 881
150 810
150 102
150 191
150 861
150 586
150 700
150 891
862 841
862 160
862 867
862 590
862 523
862 197
862 19
862 212
862 316
862 697
862 923
862 881
862 810
862 102
862 191
862 861
862 586
862 700
862 891
541 841
541 523
541 197
541 19
541 212
541 316
541 697
541 923
541 881
541 810
541 102
541 191
541 861
541 586
541 700
541 891
821 841
821 523
821 197
821 19
821 212
821 316
821 697
821 923
821 881
821 810
821 102
821 191
821 861
821 586
821 700
821 891
629 841
629 160
629 867
629 523
629 197
629 19
629 212
629 316
629 697
629 923
629 881
629 810
629 102
629 191
629 861
629 586
629 700
629 891
325 841
325 160
325 867
325 590
325 523
325 197
325 19
325 212
325 316
325 697
325 923
325 881
325 810
325 102
325 191
325 861
325 586
325 700
325 891
727 841
727 160
727 867
727 590
727 523
727 197
727 19
727 212
727 316
727 697
727 923
727 881
727 810
727 102
727 191
727 861
727 586
727 700
727 891
360 124
360 1000
360 886
864 518
864 736
360 445
887 310
499 310
617 310
830 310
97 573
97 310
38 573
38 310
396 573
396 310
888 573
888 310
556 946
556 76
146 518
146 736
488 518
488 736
360 946
360 76
617 435
617 75
617 207
617 557
617 721
830 435
830 75
830 207
830 557
830 721
38 435
38 75
38 207
38 557
38 721
396 435
396 75
396 207
396 557
396 721
888 435
888 75
888 207
888 557
888 721
244 830
244 264
244 998
244 27
136 445
186 445
427 445
806 445
538 445
467 445
597 445
612 445
750 445
896 445
9 445
409 445
318 9
602 9
470 887
470 9
470 445
244 887
244 9
244 445
360 601
824 650
824 741
824 974
824 454
824 497
824 987
824 61
824 73
824 672
824 866
824 917
824 596
824 651
824 679
824 568
824 232
824 457
824 417
824 402
824 546
824 573
824 110
824 552
824 386
824 674
824 152
824 619
824 268
824 459
824 724
824 395
824 936
824 139
824 48
824 118
824 589
824 653
824 884
824 219
824 251
824 250
824 844
824 509
824 137
267 192
267 448
267 787
267 140
267 583
267 753
458 192
458 448
458 787
458 140
458 583
458 753
623 136
623 162
623 715
623 192
623 448
623 787
623 140
623 583
623 753
809 136
809 162
809 715
809 192
809 448
809 787
809 140
809 583
809 753
991 186
991 247
991 643
991 136
991 162
991 715
991 192
991 448
991 787
991 140
991 583
991 753
559 538
559 186
559 247
559 643
559 136
559 162
559 715
559 192
559 448
559 787
559 140
559 583
559 753
186 763
427 763
806 763
538 763
467 763
597 763
612 763
750 763
9 763
409 763
318 538
318 186
318 247
318 643
602 538
602 186
602 247
602 643
470 538
470 186
470 247
470 643
556 346
360 346
511 160
511 867
851 160
851 867
901 160
901 867
318 136
318 162
318 715
602 136
602 162
602 715
831 455
831 933
864 455
864 933
556 455
556 933
360 455
360 933
969 310
805 573
941 310
941 573
599 310
699 310
150 310
862 310
541 310
821 310
629 310
325 310
727 310
287 205
287 946
287 368
287 249
287 826
432 205
432 946
432 368
432 249
432 826
728 205
728 946
728 368
728 249
728 826
760 946
760 368
760 249
760 826
267 205
267 946
267 368
267 249
267 826
458 205
458 946
458 368
458 249
458 826
623 205
623 946
623 368
623 249
623 826
809 205
809 946
809 368
809 249
809 826
991 205
991 946
991 368
991 249
991 826
969 823
969 972
969 52
969 435
805 823
805 972
805 52
805 435
941 823
941 972
941 52
941 435
599 823
599 972
599 52
699 823
699 972
699 52
150 823
150 972
150 52
150 435
862 823
862 972
862 52
862 435
287 110
287 552
287 417
287 402
287 546
287 573
287 61
287 73
287 672
287 866
287 917
287 232
287 457
287 987
287 650
287 741
287 974
287 454
287 497
287 596
287 651
287 679
287 568
432 110
432 552
432 417
432 402
432 546
432 573
432 61
432 73
432 672
432 866
432 917
432 232
432 457
432 987
432 650
432 741
432 974
432 454
432 497
432 596
432 651
432 679
432 568
728 110
728 552
728 417
728 402
728 546
728 573
728 61
728 73
728 672
728 866
728 917
728 232
728 987
728 650
728 741
728 974
728 454
728 497
728 596
728 651
728 679
760 61
760 73
760 672
760 866
760 917
760 232
760 457
760 987
760 650
760 741
760 974
760 454
760 497
760 596
760 651
760 679
760 568
267 110
267 552
267 417
267 402
267 546
267 573
267 61
267 73
267 672
267 866
267 917
267 232
267 457
267 987
267 650
267 741
267 974
267 454
267 497
267 596
267 651
267 679
267 568
458 110
458 552
458 417
458 402
458 546
458 573
458 61
458 73
458 672
458 866
458 917
458 232
458 457
458 987
458 650
458 741
458 974
458 454
458 497
458 596
458 651
458 679
458 568
97 763
887 763
623 61
623 73
623 672
623 866
623 917
623 232
623 457
623 987
623 110
623 552
809 61
809 73
809 672
809 866
809 917
809 232
809 457
809 987
809 110
809 552
16 841
16 160
16 867
16 523
16 197
16 19
16 212
16 316
16 697
16 923
16 700
16 891
30 841
30 160
30 867
30 523
30 197
30 19
30 212
30 316
30 697
30 923
30 700
30 891
287 674
287 152
287 619
287 268
287 459
287 386
287 395
287 936
287 139
287 137
432 674
432 152
432 619
432 268
432 459
432 386
432 395
432 936
432 139
432 137
728 674
728 152
728 619
728 268
728 459
728 386
728 395
728 936
728 139
728 137
760 674
760 152
760 619
760 268
760 459
760 386
760 395
760 936
760 139
244 538
623 417
809 417
599 751
699 751
150 751
862 751
541 52
541 823
541 972
541 751
821 52
821 823
821 972
821 751
629 52
629 823
629 972
629 751
325 52
325 823
325 972
325 751
727 52
727 823
727 972
727 751
16 810
16 102
16 191
16 861
16 586
16 881
16 52
16 823
16 972
16 751
30 810
30 102
30 191
30 861
30 586
30 881
30 52
30 823
30 972
30 751
222 160
222 867
222 19
222 212
222 316
222 697
222 923
222 810
222 102
222 191
222 861
222 586
222 197
222 523
222 881
222 52
222 823
222 972
222 751
969 751
805 751
941 751
824 773
824 329
824 633
824 880
824 160
824 867
824 19
824 212
824 316
824 697
824 923
824 810
824 102
824 191
824 861
824 586
824 197
824 523
824 881
824 366
824 52
824 823
824 972
824 751
287 48
287 589
287 653
287 884
287 118
287 219
287 251
287 773
287 329
287 633
287 880
287 160
287 867
287 19
287 212
287 316
287 697
287 923
287 810
287 102
287 191
287 861
287 586
287 197
287 523
287 881
287 366
287 52
287 823
287 972
287 751
432 48
432 589
432 653
432 884
432 118
432 219
432 251
432 773
432 329
432 633
432 880
432 160
432 867
432 19
432 212
432 316
432 697
432 923
432 810
432 102
432 191
432 861
432 586
432 197
432 523
432 881
432 366
432 52
432 823
432 972
432 751
728 48
728 589
728 653
728 884
728 118
728 219
728 251
728 773
728 329
728 633
728 880
728 160
728 867
728 19
728 212
728 316
728 697
728 923
728 810
728 102
728 191
728 861
728 586
728 197
728 523
728 881
728 366
728 52
728 823
728 972
728 751
760 48
760 589
760 653
760 884
760 118
760 219
760 251
760 773
760 329
760 633
760 880
760 160
760 867
760 19
760 212
760 316
760 697
760 923
760 810
760 102
760 191
760 861
760 586
760 197
760 523
760 881
760 366
760 52
760 823
760 972
760 751
267 48
267 589
267 653
267 884
267 219
267 251
267 773
267 329
267 633
267 674
267 152
267 619
267 268
267 459
267 19
267 212
267 316
267 697
267 923
267 810
267 102
267 191
267 861
267 586
267 197
267 523
267 881
267 366
267 52
267 823
267 972
267 751
458 48
458 589
458 653
458 884
458 118
458 219
458 251
458 773
458 329
458 633
458 880
458 674
458 152
458 619
458 268
458 459
458 160
458 867
458 19
458 212
458 316
458 697
458 923
458 810
458 102
458 191
458 861
458 586
458 197
458 523
458 881
458 366
458 52
458 823
458 972
458 751
623 48
623 589
623 653
623 884
623 219
623 251
623 773
623 329
623 633
623 674
623 152
623 619
623 268
623 459
623 650
623 741
623 974
623 19
623 212
623 316
623 697
623 923
623 810
623 102
623 191
623 861
623 586
623 197
623 523
623 881
623 366
623 52
623 823
623 972
623 751
809 48
809 589
809 653
809 884
809 118
809 219
809 251
809 773
809 329
809 633
809 880
809 674
809 152
809 619
809 268
809 459
809 650
809 741
809 974
809 160
809 867
809 19
809 212
809 316
809 697
809 923
809 810
809 102
809 191
809 861
809 586
809 197
809 523
809 881
809 366
809 52
809 823
809 972
809 751
267 137
458 137
623 402
623 546
623 573
623 137
809 402
809 546
809 573
809 137
991 110
991 552
991 417
991 402
991 546
991 573
991 137
559 110
559 552
559 417
559 402
559 546
559 573
559 205
559 946
559 137
318 110
318 552
318 417
318 402
318 546
318 573
318 192
318 448
318 787
318 205
318 946
318 137
602 110
602 552
602 417
602 402
602 546
602 573
602 192
602 448
602 787
602 205
602 946
602 137
325 435
727 435
16 590
16 310
30 310
222 841
222 590
222 700
222 891
222 310
824 20
824 225
824 898
824 76
824 841
824 590
824 700
824 891
824 310
287 20
287 225
287 898
287 250
287 844
287 509
287 76
287 841
287 590
287 700
287 891
287 310
287 724
432 20
432 225
432 898
432 250
432 844
432 509
432 76
432 841
432 590
432 700
432 891
432 310
432 724
728 20
728 225
728 898
728 250
728 844
728 509
728 76
728 841
728 590
728 700
728 891
728 310
728 724
760 20
760 225
760 898
760 250
760 844
760 509
760 76
760 841
760 590
760 700
760 891
760 310
760 724
267 20
267 225
267 898
267 250
267 844
267 509
267 76
267 841
267 590
267 700
267 891
267 310
267 386
267 724
267 395
267 936
267 139
458 20
458 225
458 898
458 250
458 844
458 509
458 76
458 841
458 590
458 700
458 891
458 310
458 386
458 724
458 395
458 936
458 139
623 20
623 225
623 898
623 250
623 844
623 509
623 76
623 841
623 590
623 700
623 891
623 310
623 386
623 651
623 596
623 679
623 724
623 395
623 936
623 139
623 454
623 497
809 20
809 225
809 898
809 250
809 844
809 509
809 76
809 841
809 590
809 700
809 891
809 310
809 386
809 651
809 596
809 679
809 724
809 395
809 936
809 139
809 454
809 497
991 197
991 19
991 212
991 316
991 697
991 923
991 329
991 633
991 20
991 225
991 773
991 898
991 250
991 844
991 523
991 509
991 76
991 366
991 841
991 881
991 810
991 102
991 191
991 861
991 586
991 823
991 972
991 52
991 590
991 700
991 891
991 310
991 386
991 651
991 596
991 679
991 674
991 152
991 619
991 232
991 268
991 459
991 724
991 395
991 936
991 139
991 48
991 589
991 884
991 219
991 251
991 650
991 741
991 974
991 454
991 497
991 987
991 61
991 73
991 672
991 866
991 917
617 264
617 998
830 264
830 998
38 264
38 998
396 264
396 998
888 264
888 998
617 27
830 27
38 27
396 27
888 27
969 75
969 207
969 557
969 721
969 264
969 998
969 27
805 75
805 207
805 557
805 721
805 264
805 998
805 27
941 75
941 207
941 557
941 721
941 264
941 998
941 27
150 75
150 207
150 557
150 721
150 264
150 998
150 27
862 75
862 207
862 557
862 721
862 264
862 998
862 27
325 75
325 207
325 557
325 721
325 264
325 998
325 27
727 75
727 207
727 557
727 721
727 264
727 998
727 27
623 568
991 568
991 457
559 674
559 152
559 619
559 268
559 459
559 650
559 741
559 974
559 454
559 497
559 596
559 651
559 679
559 395
559 936
559 139
559 386
559 568
559 48
559 589
559 884
559 219
559 251
559 773
559 329
559 633
559 724
559 250
559 844
559 509
559 225
559 898
559 76
559 366
559 20
559 368
559 249
559 826
559 61
559 73
559 672
559 866
559 917
559 232
559 457
559 987
318 674
318 152
318 619
318 268
318 459
318 650
318 741
318 974
318 454
318 497
318 596
318 651
318 679
318 395
318 936
318 139
318 386
318 568
318 48
318 589
318 884
318 219
318 251
318 773
318 329
318 633
318 724
318 250
318 844
318 509
318 225
318 898
318 76
318 366
318 20
318 368
318 249
318 826
318 61
318 73
318 672
318 866
318 917
318 232
318 457
318 987
318 140
318 583
318 753
602 674
602 152
602 619
602 268
602 459
602 650
602 741
602 974
602 454
602 497
602 596
602 651
602 679
602 395
602 936
602 139
602 386
602 568
602 48
602 589
602 884
602 219
602 251
602 773
602 329
602 633
602 724
602 250
602 844
602 509
602 225
602 898
602 76
602 366
602 20
602 368
602 249
602 826
602 61
602 73
602 672
602 866
602 917
602 232
602 457
602 987
602 140
602 583
602 753
470 417
470 674
470 152
470 619
470 268
470 459
470 650
470 741
470 974
470 454
470 497
470 596
470 651
470 679
470 395
470 936
470 139
470 386
470 568
470 402
470 546
470 573
470 137
470 48
470 589
470 884
470 219
470 251
470 773
470 329
470 633
470 724
470 250
470 844
470 509
470 225
470 898
470 76
470 366
470 20
470 368
470 249
470 826
470 205
470 946
470 61
470 73
470 672
470 866
470 917
470 232
470 457
470 987
470 110
470 552
470 192
470 448
470 787
470 140
470 583
470 753
470 136
470 162
470 715
244 192
244 448
244 787
244 205
244 946
244 140
244 583
244 753
244 368
244 249
244 826
244 110
244 552
244 417
244 402
244 546
244 573
244 61
244 73
244 672
244 866
244 917
244 232
244 457
244 987
244 650
244 741
244 974
244 454
244 497
244 596
244 651
244 679
244 568
244 186
244 247
244 643
244 136
244 162
244 715
559 841
559 590
559 523
559 197
559 19
559 212
559 316
559 697
559 923
559 881
559 810
559 102
559 191
559 861
559 586
559 700
559 891
97 445
887 445
617 445
830 445
38 445
396 445
888 445
499 763
617 763
830 763
38 763
396 763
888 763
969 763
805 763
941 763
599 763
699 763
150 763
862 763
541 763
821 763
629 763
325 763
727 763
16 763
30 763
222 763
824 763
969 445
805 445
941 445
150 445
862 445
325 445
727 445
287 763
432 763
728 763
760 763
267 763
458 763
244 386
244 674
244 152
244 619
244 268
244 459
244 724
244 395
244 936
244 139
244 48
244 589
244 884
244 219
244 251
244 250
244 844
244 509
244 137
318 841
318 523
318 197
318 19
318 212
318 316
318 697
318 923
318 700
318 891
602 841
602 523
602 197
602 19
602 212
602 316
602 697
602 923
602 700
602 891
559 310
623 763
809 763
991 751
991 763
559 823
559 972
559 751
559 52
559 763
318 590
318 310
318 881
318 810
318 102
318 191
318 861
318 586
318 823
318 972
318 751
318 52
318 763
602 590
602 310
602 881
602 810
602 102
602 191
602 861
602 586
602 823
602 972
602 751
602 52
602 763
470 841
470 590
470 700
470 891
470 523
470 310
470 197
470 19
470 212
470 316
470 697
470 923
470 881
470 810
470 102
470 191
470 861
470 586
470 823
470 972
470 751
470 52
470 763
244 773
244 329
244 633
244 20
244 841
244 225
244 898
244 76
244 366
244 700
244 891
244 523
244 197
244 19
244 212
244 316
244 697
244 923
244 810
244 102
244 191
244 861
244 586
244 881
244 52
244 823
244 972
244 751
244 590
244 310
244 763
